# Force         
# CofR          : (0.00000000e+00 0.00000000e+00 0.00000000e+00)
#
# Time          	total_x total_y total_z	pressure_x pressure_y pressure_z	viscous_x viscous_y viscous_z
1000             1.45564638e-04 2.71756958e-05 -5.87871698e-23 6.00418171e-05 2.70582081e-05 -5.89997573e-23 8.55228206e-05 1.17487716e-07 2.12587428e-25
2000             1.35904449e-04 1.37965613e-05 -6.47600078e-23 6.80688065e-05 1.38199015e-05 -7.75177530e-23 6.78356428e-05 -2.33402167e-08 1.27577451e-23
3000             1.09821694e-04 6.56539312e-08 -4.55853132e-23 5.28075822e-05 5.37276186e-07 -5.77788248e-23 5.70141117e-05 -4.71622255e-07 1.21935116e-23
4000             1.00123646e-04 7.61493784e-07 -4.36906522e-23 4.97681615e-05 1.73043854e-06 -5.11064042e-23 5.03554849e-05 -9.68944755e-07 7.41575198e-24
5000             9.43702878e-05 1.77258388e-06 -4.05191428e-23 4.84203845e-05 3.40110033e-06 -4.46248001e-23 4.59499033e-05 -1.62851645e-06 4.10565731e-24
6000             9.21055048e-05 4.40370041e-07 -3.66833421e-23 4.91888160e-05 2.69178211e-06 -3.90798416e-23 4.29166888e-05 -2.25141207e-06 2.39649952e-24
7000             8.87887339e-05 9.56790869e-07 -3.20117707e-23 4.81614300e-05 3.44659305e-06 -3.48328953e-23 4.06273038e-05 -2.48980218e-06 2.82112465e-24
8000             8.19097551e-05 -9.00389363e-07 -2.65217787e-23 4.32352790e-05 1.06774433e-06 -3.60102858e-23 3.86744761e-05 -1.96813369e-06 9.48850708e-24
9000             7.72117814e-05 -3.02683735e-06 -2.07017447e-23 4.01416694e-05 -2.76598499e-06 -4.09397889e-23 3.70701120e-05 -2.60852357e-07 2.02380442e-23
10000            9.06823364e-05 -3.50286037e-06 -4.85315698e-24 5.41781199e-05 -5.80663203e-06 -4.06421830e-23 3.65042165e-05 2.30377167e-06 3.57890261e-23
11000            1.04479988e-04 7.27826937e-08 -5.70263771e-24 6.78831023e-05 -3.30263192e-06 -4.78041258e-23 3.65968860e-05 3.37541462e-06 4.21014881e-23
12000            9.78060418e-05 -6.01287609e-07 -3.61487380e-23 6.16588587e-05 -1.90785936e-06 -6.06223570e-23 3.61471831e-05 1.30657175e-06 2.44736189e-23
13000            1.16333482e-04 -1.78657298e-06 -5.88348532e-23 7.98385178e-05 3.12294995e-07 -7.27338874e-23 3.64949642e-05 -2.09886797e-06 1.38990343e-23
14000            1.03681126e-04 -2.11361402e-06 -4.55818445e-23 6.79325481e-05 -4.16138651e-07 -6.64547865e-23 3.57485783e-05 -1.69747537e-06 2.08729419e-23
15000            9.80595979e-05 -4.67019425e-07 -4.02611632e-23 6.31902346e-05 -1.74418383e-06 -7.58618221e-23 3.48693634e-05 1.27716440e-06 3.56006589e-23
16000            1.04720465e-04 -1.11066565e-06 -2.81852201e-23 6.99828991e-05 -3.65045413e-06 -6.53727857e-23 3.47375656e-05 2.53978848e-06 3.71875656e-23
17000            9.28094767e-05 -7.52215171e-06 -3.91550653e-23 5.87879719e-05 -8.49211075e-06 -5.92008113e-23 3.40215048e-05 9.69959039e-07 2.00457459e-23
18000            1.05064183e-04 6.00265117e-07 -5.40707500e-23 7.10870768e-05 3.03948143e-06 -5.86075749e-23 3.39771061e-05 -2.43921631e-06 4.53682489e-24
19000            1.14080222e-04 -5.03869731e-06 -5.27407186e-23 7.96383216e-05 -1.86321264e-06 -6.48317885e-23 3.44419005e-05 -3.17548467e-06 1.20910699e-23
20000            9.56412038e-05 -8.58581871e-06 -4.13045510e-23 6.20106866e-05 -8.62915833e-06 -7.74213306e-23 3.36305173e-05 4.33396212e-08 3.61167796e-23
21000            1.17526098e-04 -7.16308369e-06 -2.87549678e-23 8.32502140e-05 -1.02331310e-05 -7.24339467e-23 3.42758843e-05 3.07004726e-06 4.36789789e-23
22000            9.98195732e-05 -1.56816570e-05 -4.72899628e-23 6.62358739e-05 -1.74078626e-05 -6.53610715e-23 3.35836992e-05 1.72620562e-06 1.80711088e-23
23000            1.07364617e-04 -2.35184401e-05 -6.59773462e-23 7.39317517e-05 -2.13303131e-05 -6.43100674e-23 3.34328651e-05 -2.18812695e-06 -1.66727884e-24
24000            1.14482514e-04 -2.87938211e-05 -6.31165728e-23 8.05700200e-05 -2.55698426e-05 -6.58210229e-23 3.39124941e-05 -3.22397849e-06 2.70445011e-24
25000            9.22319619e-05 -4.84603023e-05 -4.78717181e-23 5.91457006e-05 -4.78931554e-05 -6.53663424e-23 3.30862613e-05 -5.67146973e-07 1.74946244e-23
26000            1.17441367e-04 -4.70417112e-05 -2.75220532e-23 8.35493081e-05 -5.00765269e-05 -5.98048685e-23 3.38920586e-05 3.03481573e-06 3.22828153e-23
27000            1.05997833e-04 -3.32147968e-05 -3.88646605e-23 7.21825832e-05 -3.55899857e-05 -5.63193393e-23 3.38152501e-05 2.37518889e-06 1.74546788e-23
28000            1.05929285e-04 -1.35810406e-05 -6.35499713e-23 7.23367600e-05 -1.19151670e-05 -6.04288141e-23 3.35925249e-05 -1.66587354e-06 -3.12115716e-24
29000            1.18583726e-04 4.53032464e-06 -6.13531377e-23 8.43894902e-05 7.87643968e-06 -6.66834994e-23 3.41942361e-05 -3.34611503e-06 5.33036167e-24
30000            9.35618635e-05 1.28058981e-05 -4.74801659e-23 6.04394752e-05 1.38315360e-05 -6.99429051e-23 3.31223883e-05 -1.02563787e-06 2.24627392e-23
31000            1.15588903e-04 1.55578156e-05 -2.70063319e-23 8.20436458e-05 1.26553375e-05 -6.94904250e-23 3.35452569e-05 2.90247805e-06 4.24840931e-23
32000            1.08468887e-04 1.73418692e-05 -3.53077094e-23 7.49615995e-05 1.46989994e-05 -6.30866668e-23 3.35072873e-05 2.64286983e-06 2.77789573e-23
33000            1.02857966e-04 2.06883289e-05 -6.15441852e-23 6.97999607e-05 2.19618051e-05 -6.30820051e-23 3.30580050e-05 -1.27347622e-06 1.53781995e-24
34000            1.20926160e-04 1.20863591e-05 -6.46855085e-23 8.70384410e-05 1.55240622e-05 -6.62842516e-23 3.38877192e-05 -3.43770309e-06 1.59874306e-24
35000            9.54885487e-05 1.49090197e-06 -4.75850396e-23 6.24942375e-05 3.00844431e-06 -6.81542275e-23 3.29943112e-05 -1.51754234e-06 2.05691879e-23
36000            1.13368910e-04 6.46197784e-06 -3.00685665e-23 8.00980790e-05 3.82551509e-06 -7.45586101e-23 3.32708307e-05 2.63646275e-06 4.44900436e-23
37000            1.12524753e-04 2.87485214e-06 -3.37496543e-23 7.90974459e-05 -7.95859633e-08 -6.54239293e-23 3.34273066e-05 2.95443810e-06 3.16742750e-23
38000            9.84223657e-05 2.10516642e-06 -6.07852020e-23 6.57618515e-05 2.76439185e-06 -7.14595935e-23 3.26605142e-05 -6.59225431e-07 1.06743915e-23
39000            1.20960367e-04 -6.38554620e-06 -6.63243360e-23 8.74327328e-05 -2.97626593e-06 -7.15960396e-23 3.35276338e-05 -3.40928027e-06 5.27170367e-24
40000            9.91548094e-05 -5.94456154e-06 -4.78951615e-23 6.62841231e-05 -3.94601657e-06 -5.96357463e-23 3.28706863e-05 -1.99854496e-06 1.17405848e-23
41000            1.09414833e-04 -1.21019095e-06 -3.38053308e-23 7.65210375e-05 -3.46590643e-06 -7.13273735e-23 3.28937953e-05 2.25571547e-06 3.75220427e-23
42000            1.15588643e-04 -9.77677243e-07 -3.18662864e-23 8.22451750e-05 -4.13417635e-06 -6.58806328e-23 3.33434679e-05 3.15649911e-06 3.40143465e-23
43000            9.58097110e-05 5.04916068e-06 -6.11794013e-23 6.33240997e-05 5.13679983e-06 -7.03259159e-23 3.24856113e-05 -8.76391477e-08 9.14651462e-24
44000            1.20722294e-04 -9.55711669e-07 -6.65783210e-23 8.73675020e-05 2.35602610e-06 -7.18818473e-23 3.33547916e-05 -3.31173776e-06 5.30352624e-24
45000            1.03044111e-04 -4.19868169e-06 -4.88897350e-23 7.01290214e-05 -1.78951649e-06 -6.26570025e-23 3.29150896e-05 -2.40916520e-06 1.37672675e-23
46000            1.04977338e-04 3.99914646e-06 -3.83274632e-23 7.23411525e-05 2.20387741e-06 -7.53205876e-23 3.26361851e-05 1.79526905e-06 3.69931245e-23
47000            1.18141331e-04 4.25157485e-07 -3.07035091e-23 8.48178839e-05 -2.90431942e-06 -6.42792467e-23 3.33234470e-05 3.32947691e-06 3.35757376e-23
48000            9.47715960e-05 6.22089790e-06 -5.81976137e-23 6.23396635e-05 5.65093556e-06 -7.00263241e-23 3.24319325e-05 5.69962339e-07 1.18287104e-23
49000            1.19222226e-04 2.45884453e-07 -6.54609961e-23 8.60352517e-05 3.34356633e-06 -6.87352388e-23 3.31869739e-05 -3.09768187e-06 3.27424275e-24
50000            1.07318135e-04 1.35112176e-06 -5.15839180e-23 7.42907643e-05 4.10214627e-06 -6.52553246e-23 3.30273710e-05 -2.75102451e-06 1.36714067e-23
51000            1.00354942e-04 -8.90830113e-06 -4.10628980e-23 6.78854258e-05 -1.01207531e-05 -7.61923957e-23 3.24695160e-05 1.21245200e-06 3.51294977e-23
52000            1.19561124e-04 1.23337229e-06 -2.94161873e-23 8.62672755e-05 -2.15732769e-06 -6.68741408e-23 3.32938483e-05 3.39069997e-06 3.74579535e-23
53000            9.57906686e-05 4.09107438e-07 -5.30261230e-23 6.33268466e-05 -7.66306038e-07 -6.96191016e-23 3.24638220e-05 1.17541348e-06 1.65929786e-23
54000            1.16446020e-04 -5.21199259e-06 -6.41451771e-23 8.34475064e-05 -2.39868189e-06 -6.72255886e-23 3.29985136e-05 -2.81331070e-06 3.08041149e-24
55000            1.11429375e-04 -2.20540579e-06 -5.39653756e-23 7.83010031e-05 8.10216145e-07 -6.38516287e-23 3.31283717e-05 -3.01562194e-06 9.88625312e-24
56000            9.66445805e-05 -1.09622232e-05 -4.59524637e-23 6.42974105e-05 -1.15915567e-05 -7.89009059e-23 3.23471700e-05 6.29333486e-07 3.29484422e-23
57000            1.19913004e-04 -5.10154349e-07 -2.79629185e-23 8.66763280e-05 -3.88242203e-06 -7.04914577e-23 3.32366758e-05 3.37226768e-06 4.25285392e-23
58000            9.83576546e-05 -1.66989316e-06 -4.80790986e-23 6.57957308e-05 -3.31578376e-06 -6.55588457e-23 3.25619238e-05 1.64589060e-06 1.74797471e-23
59000            1.13488139e-04 -1.76422699e-06 -6.42645969e-23 8.06407096e-05 7.43702351e-07 -6.55402449e-23 3.28474294e-05 -2.50792934e-06 1.27564798e-24
60000            1.15040955e-04 -2.28193041e-06 -5.76880416e-23 8.18180158e-05 9.44905026e-07 -6.31803936e-23 3.32229388e-05 -3.22683544e-06 5.49235199e-24
61000            9.40162928e-05 -6.16434233e-06 -5.00812779e-23 6.17097452e-05 -6.22297838e-06 -7.70446646e-23 3.23065476e-05 5.86360462e-08 2.69633867e-23
62000            1.19518049e-04 9.72516762e-07 -2.77392823e-23 8.63598287e-05 -2.31328474e-06 -6.89160865e-23 3.31582200e-05 3.28580151e-06 4.11768043e-23
63000            1.02104636e-04 -3.06078969e-07 -4.21187951e-23 6.93970125e-05 -2.42314375e-06 -6.68050733e-23 3.27076236e-05 2.11706478e-06 2.46862782e-23
64000            1.09111523e-04 -3.53578278e-06 -6.37455086e-23 7.64312601e-05 -1.47394068e-06 -6.64569891e-23 3.26802629e-05 -2.06184210e-06 2.71148041e-24
65000            1.17900796e-04 -3.31391306e-06 -6.10628332e-23 8.46166411e-05 5.23498715e-08 -6.49316875e-23 3.32841551e-05 -3.36626294e-06 3.86885436e-24
66000            9.28966722e-05 -8.16387118e-06 -4.99133501e-23 6.05861164e-05 -7.52151925e-06 -7.05202124e-23 3.23105557e-05 -6.42351929e-07 2.06068623e-23
67000            1.17648624e-04 -1.18060729e-06 -2.78394536e-23 8.46244970e-05 -4.24766060e-06 -6.95586780e-23 3.30241267e-05 3.06705331e-06 4.17192244e-23
68000            1.06091762e-04 -7.33602835e-07 -3.78066542e-23 7.32385204e-05 -3.24130233e-06 -6.69302761e-23 3.28532414e-05 2.50769950e-06 2.91236219e-23
69000            1.04493438e-04 6.58004193e-07 -6.31789397e-23 7.19665827e-05 2.19648339e-06 -6.78787408e-23 3.25268554e-05 -1.53847919e-06 4.69980111e-24
70000            1.19679878e-04 -3.61454408e-06 -6.37952171e-23 8.63696375e-05 -1.75814317e-07 -6.83387249e-23 3.33102406e-05 -3.43872977e-06 4.54350773e-24
71000            9.40193548e-05 -2.57132399e-06 -4.84793785e-23 6.16219564e-05 -1.31248502e-06 -7.00454739e-23 3.23973984e-05 -1.25883897e-06 2.15660954e-23
72000            1.14934522e-04 -7.01524408e-08 -2.96859308e-23 8.20380626e-05 -2.87590117e-06 -6.84484343e-23 3.28964596e-05 2.80574873e-06 3.87625035e-23
73000            1.10421300e-04 1.70734374e-06 -3.47069106e-23 7.74245114e-05 -1.10993187e-06 -6.54180959e-23 3.29967882e-05 2.81727562e-06 3.07111854e-23
74000            1.00529339e-04 2.35451743e-07 -6.13553924e-23 6.81056973e-05 1.21401665e-06 -6.60951755e-23 3.24236414e-05 -9.78564911e-07 4.73978316e-24
75000            1.21068154e-04 5.40581375e-07 -6.63443652e-23 8.77559777e-05 3.98912752e-06 -6.95997082e-23 3.33121765e-05 -3.44854615e-06 3.25534300e-24
76000            9.66617142e-05 -2.32525121e-06 -4.75735261e-23 6.41124238e-05 -5.32204707e-07 -6.69850042e-23 3.25492904e-05 -1.79304650e-06 1.94114782e-23
77000            1.11140414e-04 3.97734478e-06 -3.20007796e-23 7.83971498e-05 1.52886604e-06 -7.19012254e-23 3.27432637e-05 2.44847874e-06 3.99004458e-23
78000            1.14034193e-04 1.56998843e-06 -3.26915985e-23 8.09154652e-05 -1.51297806e-06 -6.44357364e-23 3.31187279e-05 3.08296649e-06 3.17441379e-23
79000            9.65528536e-05 4.02589501e-06 -6.08539178e-23 6.42165780e-05 4.35607241e-06 -7.05272803e-23 3.23362756e-05 -3.30177404e-07 9.67336249e-24
80000            1.21178399e-04 -1.11961890e-06 -6.70238382e-23 8.79224594e-05 2.24232508e-06 -6.77058735e-23 3.32559392e-05 -3.36194398e-06 6.82035250e-25
81000            1.01058148e-04 -2.14505615e-06 -4.85226388e-23 6.83304243e-05 1.08824746e-07 -6.16274186e-23 3.27277239e-05 -2.25388090e-06 1.31047798e-23
82000            1.06427317e-04 3.82823970e-06 -3.66040007e-23 7.38506938e-05 1.85889417e-06 -7.47024106e-23 3.25766231e-05 1.96934552e-06 3.80984099e-23
83000            1.17002568e-04 1.32295544e-06 -3.12363897e-23 8.38082211e-05 -1.93928018e-06 -6.53432688e-23 3.31943474e-05 3.26223562e-06 3.41068791e-23
84000            9.46522258e-05 5.96348822e-06 -5.97653030e-23 6.23334777e-05 5.64655070e-06 -7.09118206e-23 3.23187481e-05 3.16937524e-07 1.11465176e-23
85000            1.19876442e-04 -1.33309808e-06 -6.57845332e-23 8.67252187e-05 1.85457439e-06 -6.67559831e-23 3.31512230e-05 -3.18767247e-06 9.71449896e-25
86000            1.05997192e-04 -1.92033118e-06 -5.08888187e-23 7.30952266e-05 6.99323842e-07 -5.77731261e-23 3.29019650e-05 -2.61965502e-06 6.88430740e-24
87000            1.02634606e-04 -5.71847315e-06 -3.98501343e-23 7.01742102e-05 -7.19498418e-06 -7.42350914e-23 3.24603960e-05 1.47651102e-06 3.43849571e-23
88000            1.18970006e-04 -5.37932457e-08 -2.95483092e-23 8.57331164e-05 -3.43300591e-06 -6.78779832e-23 3.32368900e-05 3.37921267e-06 3.83296740e-23
89000            9.49744878e-05 5.73321366e-06 -5.60010145e-23 6.25977486e-05 4.80503225e-06 -6.84023519e-23 3.23767392e-05 9.28181416e-07 1.24013375e-23
90000            1.17567277e-04 -2.24639925e-06 -6.51912146e-23 8.45465909e-05 6.92894922e-07 -6.58593126e-23 3.30206858e-05 -2.93929417e-06 6.68098034e-25
91000            1.10000674e-04 -2.35813095e-06 -5.33164563e-23 7.69514346e-05 5.62635071e-07 -5.98399715e-23 3.30492398e-05 -2.92076602e-06 6.52351521e-24
92000            9.80244781e-05 -1.06220277e-05 -4.35143348e-23 6.56810277e-05 -1.14707626e-05 -7.58648212e-23 3.23434504e-05 8.48734910e-07 3.23504865e-23
93000            1.20032955e-04 -2.06814342e-07 -2.86660099e-23 8.68035533e-05 -3.59863071e-06 -6.63979867e-23 3.32294018e-05 3.39181637e-06 3.77319768e-23
94000            9.69984640e-05 3.58645700e-06 -4.98436593e-23 6.45128365e-05 2.09748604e-06 -7.00658998e-23 3.24856276e-05 1.48897095e-06 2.02222405e-23
95000            1.14374107e-04 -5.58237062e-06 -6.38209244e-23 8.15080689e-05 -2.96832718e-06 -6.69762307e-23 3.28660385e-05 -2.61404343e-06 3.15530629e-24
96000            1.13812840e-04 -1.98118267e-06 -5.62209359e-23 8.06445312e-05 1.18156597e-06 -6.49261961e-23 3.31683087e-05 -3.16274864e-06 8.70526020e-24
97000            9.43739423e-05 6.04027377e-06 -5.00624210e-23 6.21007755e-05 5.80166278e-06 -7.79032746e-23 3.22731668e-05 2.38610994e-07 2.78408536e-23
98000            1.19793150e-04 -1.83071943e-06 -2.74608238e-23 8.66282854e-05 -5.14132698e-06 -6.70953640e-23 3.31648644e-05 3.31060755e-06 3.96345403e-23
99000            1.00379747e-04 9.10999747e-07 -4.42254980e-23 6.77537208e-05 -1.03620824e-06 -6.74112258e-23 3.26260266e-05 1.94720799e-06 2.31857277e-23
100000           1.10596549e-04 -1.94205629e-06 -6.37369576e-23 7.78801781e-05 2.98126269e-07 -6.95117892e-23 3.27163708e-05 -2.24018256e-06 5.77483167e-24
101000           1.16858827e-04 1.81663962e-06 -5.99399351e-23 8.36068040e-05 5.14168410e-06 -6.55300213e-23 3.32520232e-05 -3.32504448e-06 5.59008612e-24
102000           9.30849877e-05 -8.81180832e-06 -5.01514585e-23 6.07958001e-05 -8.44251583e-06 -7.18075949e-23 3.22891876e-05 -3.69292489e-07 2.16561364e-23
103000           1.18600332e-04 -3.71323359e-07 -2.75424958e-23 8.55293607e-05 -3.53570562e-06 -6.79661192e-23 3.30709716e-05 3.16438226e-06 4.04236234e-23
104000           1.04703282e-04 1.17279459e-06 -3.95842637e-23 7.19062476e-05 -1.20638040e-06 -6.47553218e-23 3.27970344e-05 2.37917499e-06 2.51710581e-23
105000           1.06124287e-04 -6.14392336e-06 -6.28618926e-23 7.35483417e-05 -4.40634875e-06 -6.52241724e-23 3.25759454e-05 -1.73757461e-06 2.36227986e-24
106000           1.19396540e-04 -2.25645730e-06 -6.27625424e-23 8.60909611e-05 1.16686367e-06 -6.80584182e-23 3.33055785e-05 -3.42332098e-06 5.29587580e-24
107000           9.31136229e-05 -6.85830199e-06 -4.87004053e-23 6.07601749e-05 -5.78456009e-06 -7.25674952e-23 3.23534480e-05 -1.07374189e-06 2.38670899e-23
108000           1.15844082e-04 4.27279607e-06 -2.92295377e-23 8.29144421e-05 1.38064415e-06 -7.02398003e-23 3.29296399e-05 2.89215192e-06 4.10102626e-23
109000           1.08811812e-04 3.21488066e-07 -3.58121708e-23 7.58700748e-05 -2.39649578e-06 -6.51208257e-23 3.29417368e-05 2.71798384e-06 2.93086549e-23
110000           1.01737216e-04 2.63585451e-06 -6.14239764e-23 6.92936609e-05 3.80504657e-06 -6.83026540e-23 3.24435552e-05 -1.16919206e-06 6.87867757e-24
111000           1.20415509e-04 -3.18452900e-06 -6.53541008e-23 8.71091028e-05 2.61972381e-07 -6.80809172e-23 3.33064064e-05 -3.44650138e-06 2.72681634e-24
112000           9.55408541e-05 3.15638203e-06 -4.82134423e-23 6.30618148e-05 4.77430584e-06 -6.64811063e-23 3.24790393e-05 -1.61792381e-06 1.82676640e-23
113000           1.12449656e-04 2.50696002e-06 -3.10322351e-23 7.96618601e-05 -7.36566600e-08 -7.15710529e-23 3.27877959e-05 2.58061668e-06 4.05388178e-23
114000           1.12664443e-04 2.95327784e-06 -3.35258384e-23 7.95970439e-05 -1.41373359e-08 -6.36735156e-23 3.30673987e-05 2.96741518e-06 3.01476773e-23
115000           9.79912819e-05 3.32167830e-06 -6.09989936e-23 6.56321157e-05 3.94722830e-06 -7.06553365e-23 3.23591663e-05 -6.25549998e-07 9.65634297e-24
116000           1.21411159e-04 -2.66167188e-07 -6.71132778e-23 8.81231288e-05 3.14677865e-06 -6.74561954e-23 3.32880307e-05 -3.41294583e-06 3.42917576e-25
117000           9.92419349e-05 1.24274967e-06 -4.79646393e-23 6.65919520e-05 3.31464190e-06 -6.24675835e-23 3.26499829e-05 -2.07189223e-06 1.45029442e-23
118000           1.08469275e-04 3.54319121e-06 -3.43054748e-23 7.58249366e-05 1.34505478e-06 -7.41811607e-23 3.26443381e-05 2.19813642e-06 3.98756859e-23
119000           1.15790928e-04 1.76272102e-06 -3.18798009e-23 8.26265553e-05 -1.44597083e-06 -6.66030571e-23 3.31643731e-05 3.20869185e-06 3.47232562e-23
120000           9.52907589e-05 6.47543331e-06 -6.06470641e-23 6.29698933e-05 6.42465402e-06 -7.15518066e-23 3.23208656e-05 5.07792943e-08 1.09047426e-23
121000           1.20565725e-04 9.60650393e-07 -6.64974422e-23 8.73636821e-05 4.23372221e-06 -6.80193921e-23 3.32020428e-05 -3.27307182e-06 1.52194995e-24
122000           1.03731530e-04 -9.37318935e-08 -4.99176717e-23 7.09085362e-05 2.38268896e-06 -6.16424961e-23 3.28229939e-05 -2.47642086e-06 1.17248244e-23
123000           1.03726034e-04 5.01287396e-06 -3.90773748e-23 7.12343793e-05 3.33394670e-06 -7.68610100e-23 3.24916544e-05 1.67892726e-06 3.77836352e-23
124000           1.18143238e-04 -2.32814365e-07 -3.01728442e-23 8.49261709e-05 -3.57124131e-06 -6.85533495e-23 3.32170671e-05 3.33842694e-06 3.83805053e-23
125000           9.47076927e-05 6.37520153e-06 -5.75569348e-23 6.23641500e-05 5.69158388e-06 -6.96195193e-23 3.23435427e-05 6.83617645e-07 1.20625845e-23
126000           1.18665149e-04 -1.43584838e-06 -6.53482912e-23 8.55912910e-05 1.62126457e-06 -6.85792587e-23 3.30738579e-05 -3.05711295e-06 3.23096748e-24
127000           1.07909272e-04 1.04679660e-06 -5.19274487e-23 7.49356575e-05 3.83929587e-06 -6.49859768e-23 3.29736143e-05 -2.79249926e-06 1.30585282e-23
128000           9.99178631e-05 -8.98920964e-06 -4.16591740e-23 6.75241512e-05 -1.01364067e-05 -7.67077736e-23 3.23937118e-05 1.14719707e-06 3.50485996e-23
129000           1.19523148e-04 -1.70423588e-06 -2.89881406e-23 8.62879734e-05 -5.09657824e-06 -6.72934601e-23 3.32351744e-05 3.39234235e-06 3.83053195e-23
130000           9.58987282e-05 -1.22488849e-08 -5.28840109e-23 6.34781027e-05 -1.22441283e-06 -6.96690899e-23 3.24206255e-05 1.21216395e-06 1.67850790e-23
131000           1.16249509e-04 -5.35948122e-06 -6.40839322e-23 8.33015348e-05 -2.56356147e-06 -6.76907123e-23 3.29479743e-05 -2.79591975e-06 3.60678016e-24
132000           1.12145200e-04 -2.42711703e-06 -5.43192629e-23 7.90347378e-05 6.27521087e-07 -6.52773043e-23 3.31104627e-05 -3.05463812e-06 1.09580414e-23
133000           9.61459606e-05 4.96696960e-06 -4.80230546e-23 6.38433519e-05 4.38677141e-06 -7.78726378e-23 3.23026087e-05 5.80198190e-07 2.98495833e-23
134000           1.20016080e-04 -2.91748438e-07 -2.81443237e-23 8.68078595e-05 -3.67201846e-06 -6.89786473e-23 3.32082207e-05 3.38027002e-06 4.08343236e-23
135000           9.87604686e-05 2.88026003e-06 -4.69131236e-23 6.61972798e-05 1.12956718e-06 -6.83604932e-23 3.25631888e-05 1.75069285e-06 2.14473695e-23
136000           1.12696650e-04 -1.79120983e-06 -6.40738553e-23 7.99013654e-05 6.30579944e-07 -6.54696407e-23 3.27952841e-05 -2.42178978e-06 1.39578544e-24
137000           1.15543547e-04 -2.50615032e-06 -5.82771237e-23 8.23269610e-05 7.47182520e-07 -6.38571892e-23 3.32165862e-05 -3.25333284e-06 5.58006545e-24
138000           9.34918544e-05 -1.32208026e-05 -4.95694138e-23 6.12122143e-05 -1.31347582e-05 -7.69043052e-23 3.22796401e-05 -8.60444654e-08 2.73348914e-23
139000           1.19142027e-04 3.14250703e-07 -2.77351459e-23 8.60271291e-05 -2.92660518e-06 -6.88174100e-23 3.31148980e-05 3.24085589e-06 4.10822641e-23
140000           1.02722688e-04 3.27777155e-06 -4.15366448e-23 7.00036918e-05 1.08261464e-06 -6.67159291e-23 3.27189958e-05 2.19515691e-06 2.51792843e-23
141000           1.08291436e-04 -4.77176136e-06 -6.34870677e-23 7.56529467e-05 -2.79798943e-06 -6.42333289e-23 3.26384891e-05 -1.97377193e-06 7.46261269e-25
142000           1.18041359e-04 -7.85384237e-07 -6.15587978e-23 8.47643044e-05 2.59477956e-06 -6.64798357e-23 3.32770550e-05 -3.38016380e-06 4.92103782e-24
143000           9.27090972e-05 -4.38597955e-06 -4.97175611e-23 6.04040801e-05 -3.67404974e-06 -7.42111726e-23 3.23050171e-05 -7.11929817e-07 2.44936114e-23
144000           1.17220482e-04 2.39057788e-06 -2.83584099e-23 8.42217738e-05 -6.46971033e-07 -7.00800935e-23 3.29987085e-05 3.03754891e-06 4.17216836e-23
145000           1.06819819e-04 1.88398228e-06 -3.75917840e-23 7.39553817e-05 -6.50148919e-07 -6.56981449e-23 3.28644375e-05 2.53413120e-06 2.81063609e-23
146000           1.04223882e-04 2.91009993e-06 -6.29507335e-23 7.17096729e-05 4.40967422e-06 -6.76086771e-23 3.25142089e-05 -1.49957429e-06 4.65794358e-24
147000           1.19899637e-04 -8.84586378e-07 -6.42749705e-23 8.65801614e-05 2.56833072e-06 -6.76492173e-23 3.33194753e-05 -3.45291710e-06 3.37424683e-24
148000           9.41790229e-05 -1.51225310e-06 -4.84958974e-23 6.17632208e-05 -1.87807054e-07 -6.86973291e-23 3.24158021e-05 -1.32444605e-06 2.02014316e-23
149000           1.14559811e-04 8.25043621e-07 -2.93506723e-23 8.16862686e-05 -1.94514425e-06 -7.01619003e-23 3.28735421e-05 2.77018787e-06 4.08112280e-23
150000           1.10989355e-04 -4.68622294e-07 -3.42039748e-23 7.79744695e-05 -3.33518544e-06 -6.53255767e-23 3.30148850e-05 2.86656315e-06 3.11216019e-23
151000           9.97274800e-05 3.26771236e-06 -6.12153356e-23 6.73236861e-05 4.15649428e-06 -6.91075386e-23 3.24037939e-05 -8.88781921e-07 7.89220298e-24
152000           1.21161115e-04 -1.28452141e-06 -6.65629655e-23 8.78586133e-05 2.15287132e-06 -6.82576235e-23 3.33025020e-05 -3.43739273e-06 1.69465795e-24
153000           9.74598820e-05 8.00247706e-08 -4.77728925e-23 6.48856671e-05 1.94021542e-06 -6.42545288e-23 3.25742149e-05 -1.86019065e-06 1.64816363e-23
154000           1.10448889e-04 8.53766516e-07 -3.27607955e-23 7.77342572e-05 -1.52070003e-06 -7.00313552e-23 3.27146314e-05 2.37446655e-06 3.72705596e-23
155000           1.14457076e-04 -1.89051819e-07 -3.23589634e-23 8.13350425e-05 -3.29548830e-06 -6.38649911e-23 3.31220337e-05 3.10643648e-06 3.15060277e-23
156000           9.61168995e-05 3.06509466e-06 -6.07239521e-23 6.37926983e-05 3.30992708e-06 -7.12231869e-23 3.23242012e-05 -2.44832425e-07 1.04992348e-23
157000           1.20979045e-04 -2.11725207e-06 -6.66712242e-23 8.77398991e-05 1.22605882e-06 -6.77524491e-23 3.32391457e-05 -3.34331089e-06 1.08122498e-24
158000           1.01641302e-04 -3.30504545e-06 -4.85765610e-23 6.88972094e-05 -1.02362543e-06 -5.94637518e-23 3.27440927e-05 -2.28142002e-06 1.08871907e-23
159000           1.06129254e-04 3.19047065e-06 -3.70262389e-23 7.35625362e-05 1.24447427e-06 -7.40609393e-23 3.25667179e-05 1.94599638e-06 3.70347004e-23
160000           1.17065699e-04 1.06792740e-06 -3.13549234e-23 8.38671620e-05 -2.19408760e-06 -6.55059657e-23 3.31985366e-05 3.26201500e-06 3.41510424e-23
161000           9.45418146e-05 4.93681472e-06 -5.95278986e-23 6.22253645e-05 4.61259996e-06 -7.28930273e-23 3.23164501e-05 3.24214754e-07 1.33651286e-23
162000           1.19973056e-04 4.36616113e-08 -6.57187926e-23 8.68168081e-05 3.23383431e-06 -6.67445457e-23 3.31562479e-05 -3.19017270e-06 1.02575311e-24
163000           1.06160179e-04 -2.70405448e-06 -5.09426358e-23 7.32471501e-05 -6.18273387e-08 -5.80848895e-23 3.29130290e-05 -2.64222714e-06 7.14225376e-24
164000           1.02096863e-04 -7.39495100e-06 -3.99670157e-23 6.96435491e-05 -8.84124896e-06 -7.57505802e-23 3.24533138e-05 1.44629796e-06 3.57835645e-23
165000           1.19144305e-04 1.60040241e-06 -2.97749093e-23 8.58994481e-05 -1.78922281e-06 -6.65404255e-23 3.32448566e-05 3.38962523e-06 3.67655162e-23
166000           9.51325072e-05 5.77097869e-06 -5.56258749e-23 6.27485005e-05 4.80343717e-06 -6.98279852e-23 3.23840066e-05 9.67541520e-07 1.42021103e-23
167000           1.17536773e-04 -2.05457308e-06 -6.49738091e-23 8.45176647e-05 8.67958708e-07 -6.74712930e-23 3.30191087e-05 -2.92253179e-06 2.49748387e-24
168000           1.10180237e-04 -3.25171486e-07 -5.36693420e-23 7.71230537e-05 2.61293784e-06 -6.08335142e-23 3.30571829e-05 -2.93810933e-06 7.16417220e-24
169000           9.76911529e-05 -1.08447039e-05 -4.40059540e-23 6.53500652e-05 -1.16561916e-05 -7.69248965e-23 3.23410877e-05 8.11487702e-07 3.29189425e-23
170000           1.19964927e-04 9.51681275e-07 -2.86721740e-23 8.67361721e-05 -2.44068588e-06 -6.69268522e-23 3.32287545e-05 3.39236715e-06 3.82546783e-23
171000           9.74786468e-05 3.31862943e-06 -4.97365885e-23 6.49750750e-05 1.79409991e-06 -6.61281165e-23 3.25035718e-05 1.52452952e-06 1.63915281e-23
172000           1.14263353e-04 -2.31565936e-06 -6.41199872e-23 8.14023704e-05 2.80770317e-07 -6.54682625e-23 3.28609828e-05 -2.59642968e-06 1.34827536e-24
173000           1.14041443e-04 -3.28928045e-06 -5.63739875e-23 8.08719822e-05 -1.30041299e-07 -6.33162634e-23 3.31694604e-05 -3.15923916e-06 6.94227589e-24
174000           9.44255484e-05 7.30519295e-06 -5.06889190e-23 6.21529570e-05 7.08161400e-06 -7.69844028e-23 3.22725914e-05 2.23578953e-07 2.62954838e-23
175000           1.19685895e-04 -5.27333404e-08 -2.77885014e-23 8.65202419e-05 -3.35970532e-06 -6.92491807e-23 3.31656535e-05 3.30697198e-06 4.14606794e-23
176000           1.00539107e-04 3.41365810e-06 -4.43509660e-23 6.79054367e-05 1.46397388e-06 -6.76133581e-23 3.26336706e-05 1.94968422e-06 2.32623921e-23
177000           1.10880517e-04 -2.59470765e-06 -6.37254772e-23 7.81522591e-05 -3.54399608e-07 -6.55508403e-23 3.27282576e-05 -2.24030804e-06 1.82536303e-24
178000           1.16985269e-04 2.99927193e-06 -6.00588996e-23 8.37245747e-05 6.32914381e-06 -6.49970503e-23 3.32606947e-05 -3.32987188e-06 4.93815069e-24
179000           9.28298472e-05 -9.24815899e-06 -4.99829808e-23 6.05411454e-05 -8.87125461e-06 -7.42395700e-23 3.22887018e-05 -3.76904384e-07 2.42565892e-23
180000           1.18554125e-04 1.36743404e-07 -2.75350933e-23 8.54769756e-05 -3.02767627e-06 -6.89812154e-23 3.30771493e-05 3.16441967e-06 4.14461221e-23
181000           1.04786755e-04 1.05590255e-06 -3.95909688e-23 7.19817409e-05 -1.32963143e-06 -6.45708508e-23 3.28050141e-05 2.38553398e-06 2.49798820e-23
182000           1.06138919e-04 -6.38210959e-06 -6.28682305e-23 7.35602063e-05 -4.64919669e-06 -6.63178860e-23 3.25787130e-05 -1.73291290e-06 3.44965551e-24
183000           1.19260268e-04 1.43135115e-06 -6.32448468e-23 8.59528036e-05 4.85715088e-06 -6.73330113e-23 3.33074642e-05 -3.42579973e-06 4.08816459e-24
184000           9.34012753e-05 -2.41388995e-06 -4.90580369e-23 6.10422403e-05 -1.33397673e-06 -7.07943787e-23 3.23590349e-05 -1.07991322e-06 2.17363419e-23
185000           1.15846741e-04 3.05926108e-06 -2.89062571e-23 8.29158280e-05 1.68580836e-07 -6.89844291e-23 3.29309133e-05 2.89068024e-06 4.00781720e-23
186000           1.09066347e-04 -2.53158804e-06 -3.54344249e-23 7.61179923e-05 -5.25586034e-06 -6.70994732e-23 3.29483547e-05 2.72427230e-06 3.16650483e-23
187000           1.01757474e-04 2.87545737e-06 -6.15446887e-23 6.93070046e-05 4.03708392e-06 -6.69310225e-23 3.24504691e-05 -1.16162656e-06 5.38633383e-24
188000           1.20739787e-04 -3.80985840e-06 -6.52447238e-23 8.74302892e-05 -3.62083418e-07 -6.89413936e-23 3.33094978e-05 -3.44777498e-06 3.69666988e-24
189000           9.55370952e-05 -5.92292397e-06 -4.73251362e-23 6.30513261e-05 -4.31825397e-06 -6.86362627e-23 3.24857692e-05 -1.60467000e-06 2.13111265e-23
190000           1.12548836e-04 -5.46609021e-07 -3.06602955e-23 7.97566446e-05 -3.13587655e-06 -7.06380454e-23 3.27921919e-05 2.58926753e-06 3.99777500e-23
191000           1.12524062e-04 6.11423160e-08 -3.30036815e-23 7.94580618e-05 -2.91688556e-06 -6.69081119e-23 3.30660000e-05 2.97802788e-06 3.39044304e-23
192000           9.80838425e-05 3.22696848e-06 -6.11865127e-23 6.57183645e-05 3.83588381e-06 -6.89943781e-23 3.23654780e-05 -6.08915329e-07 7.80786545e-24
193000           1.21008349e-04 -4.72713363e-06 -6.65218245e-23 8.77264512e-05 -1.31584996e-06 -7.15887452e-23 3.32818975e-05 -3.41128367e-06 5.06692072e-24
194000           9.94682788e-05 -2.39030965e-06 -4.75716811e-23 6.68170858e-05 -3.12020438e-07 -6.39340986e-23 3.26511930e-05 -2.07828921e-06 1.63624175e-23
195000           1.08471344e-04 3.81756152e-06 -3.44289443e-23 7.58259664e-05 1.62626698e-06 -7.40360691e-23 3.26453781e-05 2.19129454e-06 3.96071248e-23
196000           1.16019320e-04 1.53667957e-06 -3.17999907e-23 8.28476149e-05 -1.67308698e-06 -6.43999646e-23 3.31717049e-05 3.20976655e-06 3.25999739e-23
197000           9.52810112e-05 3.17139228e-06 -6.05963886e-23 6.29582755e-05 3.11139318e-06 -7.00042416e-23 3.23227357e-05 5.99990972e-08 9.40785298e-24
198000           1.20468721e-04 -9.52580335e-07 -6.63471815e-23 8.72687299e-05 2.31941973e-06 -6.89051614e-23 3.31999915e-05 -3.27200007e-06 2.55797995e-24
199000           1.03878441e-04 -2.84382642e-06 -4.96009568e-23 7.10457644e-05 -3.59882834e-07 -6.11182921e-23 3.28326762e-05 -2.48394359e-06 1.15173353e-23
200000           1.03915848e-04 4.13403985e-06 -3.94968695e-23 7.14156836e-05 2.46685873e-06 -7.19917935e-23 3.25001646e-05 1.66718112e-06 3.24949240e-23
201000           1.18536573e-04 2.09233399e-07 -3.05137061e-23 8.53080027e-05 -3.12944352e-06 -6.26635675e-23 3.32285706e-05 3.33867692e-06 3.21498614e-23
202000           9.45483668e-05 4.31160509e-06 -5.72815758e-23 6.22077103e-05 3.61534365e-06 -7.09035898e-23 3.23406565e-05 6.96261437e-07 1.36220140e-23
203000           1.18691332e-04 -1.36228544e-06 -6.54689808e-23 8.56168157e-05 1.69015984e-06 -6.57196546e-23 3.30745160e-05 -3.05244528e-06 2.50673752e-25
204000           1.08193488e-04 -3.64547512e-07 -5.20540171e-23 7.52105176e-05 2.43278382e-06 -6.18798102e-23 3.29829708e-05 -2.79733134e-06 9.82579311e-24
205000           9.97519994e-05 -7.44495295e-06 -4.18112499e-23 6.73603794e-05 -8.58155574e-06 -7.65764677e-23 3.23916200e-05 1.13660279e-06 3.47652178e-23
206000           1.19509951e-04 -9.06353464e-07 -2.87826041e-23 8.62759136e-05 -4.29816569e-06 -6.93805444e-23 3.32340378e-05 3.39181223e-06 4.05979403e-23
207000           9.58431343e-05 3.56559076e-06 -5.32735751e-23 6.34207765e-05 2.34455285e-06 -7.01399771e-23 3.24223577e-05 1.22103791e-06 1.68664020e-23
208000           1.16340624e-04 -2.76807260e-07 -6.50116864e-23 8.33892935e-05 2.51511294e-06 -6.45417426e-23 3.29513304e-05 -2.79192020e-06 -4.69943784e-25
209000           1.11966393e-04 -3.14420029e-07 -5.45921148e-23 7.88498772e-05 2.74491929e-06 -6.21383889e-23 3.31165159e-05 -3.05933932e-06 7.54627407e-24
210000           9.61265742e-05 4.96880700e-06 -4.85623520e-23 6.38176937e-05 4.40013488e-06 -7.44740494e-23 3.23088805e-05 5.68672122e-07 2.59116974e-23
211000           1.20018734e-04 -1.03062577e-06 -2.77782573e-23 8.68129647e-05 -4.40862208e-06 -7.09605858e-23 3.32057696e-05 3.37799631e-06 4.31823285e-23
212000           9.88279561e-05 7.65362457e-07 -4.64996212e-23 6.62592845e-05 -9.92837001e-07 -6.82856488e-23 3.25686716e-05 1.75819946e-06 2.17860276e-23
213000           1.12620396e-04 -1.80943616e-06 -6.40476894e-23 7.98255125e-05 6.04963683e-07 -6.55063928e-23 3.27948839e-05 -2.41439985e-06 1.45870345e-24
214000           1.15619301e-04 -2.51592748e-06 -5.83630739e-23 8.23989443e-05 7.39904714e-07 -6.35200581e-23 3.32203569e-05 -3.25583219e-06 5.15698416e-24
215000           9.34958048e-05 -7.17814487e-06 -5.00912565e-23 6.12135121e-05 -7.09674719e-06 -7.65286890e-23 3.22822928e-05 -8.13976830e-08 2.64374325e-23
216000           1.19003342e-04 9.50742051e-07 -2.78635043e-23 8.58911134e-05 -2.29447704e-06 -6.89377425e-23 3.31122286e-05 3.24521909e-06 4.10742382e-23
217000           1.02939586e-04 4.66032271e-07 -4.11292058e-23 7.02100581e-05 -1.75136209e-06 -6.57835751e-23 3.27295275e-05 2.21739436e-06 2.46543693e-23
218000           1.07736499e-04 -6.27230333e-06 -6.28718591e-23 7.51111360e-05 -4.32349338e-06 -6.81035828e-23 3.26253632e-05 -1.94880995e-06 5.23172376e-24
219000           1.18244348e-04 3.27737860e-07 -6.17796621e-23 8.49643640e-05 3.70878935e-06 -6.65902222e-23 3.32799841e-05 -3.38105149e-06 4.81056019e-24
220000           9.26744519e-05 -8.17874464e-06 -4.96464780e-23 6.03679478e-05 -7.42815627e-06 -7.39995977e-23 3.23065041e-05 -7.50588360e-07 2.43531197e-23
221000           1.17096502e-04 3.89237693e-06 -2.85083062e-23 8.41032407e-05 8.74262823e-07 -6.89364107e-23 3.29932617e-05 3.01811411e-06 4.04281045e-23
222000           1.06918195e-04 1.95538875e-06 -3.75106717e-23 7.40503307e-05 -5.82354845e-07 -6.56530719e-23 3.28678642e-05 2.53774360e-06 2.81424003e-23
223000           1.04158010e-04 1.67500887e-06 -6.28627034e-23 7.16467011e-05 3.16273000e-06 -6.71438590e-23 3.25113092e-05 -1.48772113e-06 4.28115553e-24
224000           1.20100837e-04 -2.19142085e-06 -6.40140718e-23 8.67862803e-05 1.26430705e-06 -6.88303796e-23 3.33145564e-05 -3.45572790e-06 4.81630785e-24
225000           9.42257862e-05 -2.51036415e-06 -4.80763868e-23 6.18075284e-05 -1.16749377e-06 -6.98520194e-23 3.24182577e-05 -1.34287038e-06 2.17756325e-23
226000           1.14336573e-04 2.70731985e-06 -2.97629157e-23 8.14674341e-05 -5.20422885e-08 -7.08802764e-23 3.28691389e-05 2.75936213e-06 4.11173607e-23
227000           1.11018142e-04 3.88583127e-07 -3.44777636e-23 7.79965459e-05 -2.47878156e-06 -6.29455791e-23 3.30215965e-05 2.86736469e-06 2.84678155e-23
228000           9.98804027e-05 -5.39547267e-07 -6.16070005e-23 6.74711586e-05 3.44597340e-07 -6.64153672e-23 3.24092441e-05 -8.84144607e-07 4.80836667e-24
229000           1.20912842e-04 -2.44816329e-06 -6.62187847e-23 8.76136373e-05 9.89921871e-07 -6.95778563e-23 3.32992047e-05 -3.43808516e-06 3.35907161e-24
230000           9.75656614e-05 -2.23547197e-06 -4.73070062e-23 6.49943811e-05 -3.66824901e-07 -6.52798848e-23 3.25712804e-05 -1.86864707e-06 1.79728786e-23
231000           1.10434001e-04 3.92533325e-06 -3.26819824e-23 7.77259069e-05 1.55727013e-06 -7.10237664e-23 3.27080943e-05 2.36806312e-06 3.83417839e-23
232000           1.14596296e-04 1.31726927e-06 -3.24402437e-23 8.14702843e-05 -1.79355365e-06 -6.40063492e-23 3.31260116e-05 3.11082291e-06 3.15661055e-23
233000           9.60399326e-05 -6.26042243e-07 -6.02873665e-23 6.37184243e-05 -3.92561857e-07 -7.29274516e-23 3.23215083e-05 -2.33480385e-07 1.26400852e-23
234000           1.20734645e-04 -2.45759197e-06 -6.66445910e-23 8.74995413e-05 8.84057212e-07 -6.90069515e-23 3.32351041e-05 -3.34164919e-06 2.36236049e-24
235000           1.01685613e-04 -2.15179905e-06 -4.88681285e-23 6.89373258e-05 1.36871056e-07 -5.89866681e-23 3.27482868e-05 -2.28867011e-06 1.01185396e-23
236000           1.06112491e-04 5.09710394e-06 -3.71421383e-23 7.35469338e-05 3.14601653e-06 -7.44214797e-23 3.25655571e-05 1.95108741e-06 3.72793415e-23
237000           1.17108882e-04 1.48849257e-06 -3.11106807e-23 8.39139626e-05 -1.78177840e-06 -6.56656143e-23 3.31949199e-05 3.27027097e-06 3.45549336e-23
238000           9.45490630e-05 4.18810806e-06 -5.94812403e-23 6.22330431e-05 3.84913016e-06 -7.26222659e-23 3.23160200e-05 3.38977903e-07 1.31410256e-23
239000           1.19926778e-04 -1.03350867e-06 -6.57779569e-23 8.67748746e-05 2.15164352e-06 -6.69385858e-23 3.31519036e-05 -3.18515219e-06 1.16062886e-24
240000           1.06239597e-04 -2.88120715e-06 -5.09168699e-23 7.33249713e-05 -2.34713477e-07 -5.84885078e-23 3.29146259e-05 -2.64649368e-06 7.57163791e-24
241000           1.02041190e-04 -7.41483348e-06 -4.00341281e-23 6.95894552e-05 -8.85300223e-06 -7.57892763e-23 3.24517343e-05 1.43816875e-06 3.57551482e-23
242000           1.19149143e-04 1.58770680e-06 -2.97796178e-23 8.59049478e-05 -1.80110867e-06 -6.65339252e-23 3.32441951e-05 3.38881547e-06 3.67543074e-23
243000           9.52834114e-05 3.52371819e-06 -5.57980847e-23 6.28938653e-05 2.54918848e-06 -6.63765819e-23 3.23895461e-05 9.74529713e-07 1.05784971e-23
244000           1.17439863e-04 -1.40234951e-06 -6.49254874e-23 8.44273766e-05 1.51649090e-06 -6.73678655e-23 3.30124868e-05 -2.91884041e-06 2.44237819e-24
245000           1.10210035e-04 -2.28918508e-07 -5.37057376e-23 7.71540526e-05 2.71331693e-06 -6.15768576e-23 3.30559825e-05 -2.94223544e-06 7.87112001e-24
246000           9.76446236e-05 -1.08800343e-05 -4.40984403e-23 6.53057328e-05 -1.16831454e-05 -7.69202061e-23 3.23388908e-05 8.03111115e-07 3.28217657e-23
247000           1.19982277e-04 8.47471848e-07 -2.86803209e-23 8.67547226e-05 -2.54406414e-06 -6.67646415e-23 3.32275543e-05 3.39153599e-06 3.80843206e-23
248000           9.73768185e-05 4.17003032e-06 -4.96067691e-23 6.48762662e-05 2.63968662e-06 -6.82998076e-23 3.25005523e-05 1.53034370e-06 1.86930384e-23
249000           1.14170223e-04 -2.84901619e-06 -6.42793340e-23 8.13121988e-05 -2.57503282e-07 -6.65203882e-23 3.28580243e-05 -2.59151291e-06 2.24105418e-24
250000           1.13700586e-04 -1.02864457e-06 -5.65693845e-23 8.05300653e-05 2.13433393e-06 -6.35222466e-23 3.31705204e-05 -3.16297849e-06 6.95286209e-24
251000           9.43501499e-05 6.12506213e-06 -5.06194254e-23 6.20781659e-05 5.91210044e-06 -7.75759971e-23 3.22719841e-05 2.12961690e-07 2.69565717e-23
252000           1.19766027e-04 1.69438587e-06 -2.76789883e-23 8.65983570e-05 -1.61068393e-06 -6.84745080e-23 3.31676696e-05 3.30506979e-06 4.07955197e-23
253000           1.00755028e-04 -6.44769339e-07 -4.40936976e-23 6.81126217e-05 -2.60191713e-06 -6.49413176e-23 3.26424058e-05 1.95714779e-06 2.08476200e-23
254000           1.10831430e-04 -2.74421463e-06 -6.37425171e-23 7.81047812e-05 -5.11599478e-07 -6.53405823e-23 3.27266491e-05 -2.23261515e-06 1.59806524e-24
255000           1.17162712e-04 -1.27186793e-06 -5.96164877e-23 8.39023015e-05 2.06059186e-06 -6.59496715e-23 3.32604107e-05 -3.33245978e-06 6.33318375e-24
256000           9.28946652e-05 -6.59652294e-06 -4.99395744e-23 6.06090190e-05 -6.21093755e-06 -7.60353988e-23 3.22856462e-05 -3.85585393e-07 2.60958244e-23
257000           1.18611520e-04 -2.41027401e-06 -2.77134261e-23 8.55338441e-05 -5.57240196e-06 -6.77519938e-23 3.30776762e-05 3.16212795e-06 4.00385677e-23
258000           1.04934487e-04 1.03106300e-06 -3.93314974e-23 7.21288246e-05 -1.35834618e-06 -6.60199012e-23 3.28056629e-05 2.38940918e-06 2.66884038e-23
259000           1.06216069e-04 -5.02455591e-06 -6.30869377e-23 7.36363816e-05 -3.29709612e-06 -6.44876110e-23 3.25796871e-05 -1.72745978e-06 1.40067328e-24
260000           1.19185714e-04 -6.69367226e-07 -6.32265275e-23 8.58784899e-05 2.75743588e-06 -6.71594168e-23 3.33072237e-05 -3.42680311e-06 3.93288936e-24
261000           9.33882132e-05 -6.24316194e-06 -4.92435716e-23 6.10256757e-05 -5.15512883e-06 -6.84398673e-23 3.23625375e-05 -1.08803311e-06 1.91962957e-23
262000           1.15891832e-04 2.27680258e-06 -2.90858995e-23 8.29621385e-05 -6.09952884e-07 -7.05545772e-23 3.29296932e-05 2.88675546e-06 4.14686777e-23
263000           1.08929824e-04 1.07537922e-06 -3.57006610e-23 7.59792167e-05 -1.65285472e-06 -6.59917132e-23 3.29506075e-05 2.72823394e-06 3.02910522e-23
264000           1.01726096e-04 -1.32696929e-06 -6.16549268e-23 6.92730913e-05 -1.73047005e-07 -6.51561496e-23 3.24530046e-05 -1.15392229e-06 3.50122280e-24
265000           1.20584720e-04 2.16015707e-07 -6.54593851e-23 8.72807957e-05 3.66340916e-06 -7.10787499e-23 3.33039241e-05 -3.44739346e-06 5.61936477e-24
266000           9.58401898e-05 -2.19996947e-06 -4.80358138e-23 6.33450292e-05 -5.88413461e-07 -6.51456618e-23 3.24951606e-05 -1.61155601e-06 1.71098480e-23
267000           1.12550316e-04 3.50087252e-06 -3.09594169e-23 7.97606653e-05 9.17070700e-07 -6.90639039e-23 3.27896511e-05 2.58380182e-06 3.81044870e-23
268000           1.12605500e-04 -1.95644413e-06 -3.28750461e-23 7.95404611e-05 -4.93684958e-06 -6.67176639e-23 3.30650386e-05 2.98040545e-06 3.38426178e-23
269000           9.80749560e-05 6.88226813e-06 -6.12898277e-23 6.57134078e-05 7.48601105e-06 -7.01394281e-23 3.23615482e-05 -6.03742922e-07 8.84960038e-24
270000           1.21402131e-04 -5.41338698e-08 -6.71464069e-23 8.81139862e-05 3.35575111e-06 -6.74677759e-23 3.32881449e-05 -3.40988498e-06 3.21369034e-25
271000           9.92803975e-05 -1.92674363e-06 -4.80623809e-23 6.66267867e-05 1.56699445e-07 -6.26405197e-23 3.26536108e-05 -2.08344307e-06 1.45781388e-23
272000           1.08456732e-04 4.19159687e-06 -3.48739741e-23 7.58098466e-05 2.00490716e-06 -7.25383638e-23 3.26468849e-05 2.18668971e-06 3.76643897e-23
273000           1.16051423e-04 1.54563597e-06 -3.17429349e-23 8.28801777e-05 -1.66603035e-06 -6.53272285e-23 3.31712456e-05 3.21166632e-06 3.35842936e-23
274000           9.50967945e-05 5.92769223e-06 -6.06000360e-23 6.27784952e-05 5.86218422e-06 -7.20451502e-23 3.23182993e-05 6.55080180e-08 1.14451142e-23
275000           1.20544172e-04 -1.76346873e-07 -6.61612702e-23 8.73438422e-05 3.09281335e-06 -6.74109739e-23 3.32003302e-05 -3.26916023e-06 1.24970372e-24
276000           1.03806748e-04 -9.78903902e-07 -4.98347292e-23 7.09773500e-05 1.50757316e-06 -6.25654966e-23 3.28293980e-05 -2.48647706e-06 1.27307673e-23
277000           1.03953458e-04 3.91365623e-06 -3.94115770e-23 7.14561154e-05 2.24158625e-06 -7.23908436e-23 3.24973425e-05 1.67206998e-06 3.29792667e-23
278000           1.18379556e-04 5.93762840e-07 -3.03380257e-23 8.51559679e-05 -2.75622013e-06 -6.58192674e-23 3.32235886e-05 3.34998297e-06 3.54812418e-23
279000           9.45182646e-05 4.85993101e-06 -5.69399054e-23 6.21742094e-05 4.13890972e-06 -7.11720463e-23 3.23440552e-05 7.21021288e-07 1.42321410e-23
280000           1.18412240e-04 1.96789205e-06 -6.53775687e-23 8.53444693e-05 5.00910088e-06 -6.75186503e-23 3.30677707e-05 -3.04120883e-06 2.14108157e-24
281000           1.08430452e-04 2.82934676e-06 -5.21326522e-23 7.54442839e-05 5.63209813e-06 -6.12540753e-23 3.29861684e-05 -2.80275137e-06 9.12142314e-24
282000           9.97094649e-05 -1.33439419e-05 -4.14665976e-23 6.73254234e-05 -1.44502870e-05 -7.74353379e-23 3.23840416e-05 1.10634512e-06 3.59687403e-23
283000           1.19698164e-04 4.17833357e-08 -2.90921335e-23 8.64600948e-05 -3.34161685e-06 -6.60173375e-23 3.32380687e-05 3.38340019e-06 3.69252040e-23
284000           9.57221692e-05 -1.28587259e-06 -5.24742177e-23 6.32980089e-05 -2.51399925e-06 -7.17698025e-23 3.24241603e-05 1.22812666e-06 1.92955848e-23
285000           1.16113199e-04 -2.89083685e-06 -6.41981043e-23 8.31716592e-05 -1.04962497e-07 -6.60496837e-23 3.29415402e-05 -2.78587435e-06 1.85157939e-24
286000           1.12053188e-04 -2.13681720e-06 -5.48488586e-23 7.89346171e-05 9.28900066e-07 -6.26796890e-23 3.31185708e-05 -3.06571726e-06 7.83083044e-24
287000           9.59628455e-05 6.61245369e-06 -4.82678072e-23 6.36590923e-05 6.05706680e-06 -7.67527223e-23 3.23037532e-05 5.55386883e-07 2.84849152e-23
288000           1.20080592e-04 8.08319491e-07 -2.81094285e-23 8.68715346e-05 -2.56489872e-06 -6.81018996e-23 3.32090578e-05 3.37321821e-06 3.99924711e-23
289000           9.89193039e-05 3.63415145e-06 -4.67328125e-23 6.63486644e-05 1.87110159e-06 -6.77985598e-23 3.25706394e-05 1.76304986e-06 2.10657473e-23
290000           1.12533732e-04 -3.04000624e-06 -6.40271460e-23 7.97424355e-05 -6.31577869e-07 -6.62928063e-23 3.27912965e-05 -2.40842837e-06 2.26566026e-24
291000           1.15726604e-04 -9.00521114e-07 -5.79881595e-23 8.25045592e-05 2.35765644e-06 -6.59069520e-23 3.32220453e-05 -3.25817756e-06 7.91879252e-24
292000           9.35910731e-05 -1.28326978e-05 -4.95540882e-23 6.13067737e-05 -1.27224724e-05 -7.63990192e-23 3.22842994e-05 -1.10225435e-07 2.68449310e-23
293000           1.19080088e-04 1.77328189e-07 -2.77298617e-23 8.59684382e-05 -3.05802851e-06 -6.93640053e-23 3.31116496e-05 3.23535670e-06 4.16341436e-23
294000           1.03002830e-04 1.08339357e-08 -4.12384226e-23 7.02728771e-05 -2.19847078e-06 -6.45669634e-23 3.27299528e-05 2.20930471e-06 2.33285408e-23
295000           1.08046641e-04 -5.57132272e-06 -6.33181397e-23 7.54140076e-05 -3.61426387e-06 -6.58462546e-23 3.26326333e-05 -1.95705886e-06 2.52811487e-24
296000           1.18404715e-04 -1.33328311e-06 -6.17228806e-23 8.51224122e-05 2.04989541e-06 -6.65606426e-23 3.32823032e-05 -3.38317851e-06 4.83776203e-24
297000           9.27721841e-05 -7.33168264e-06 -4.98236104e-23 6.04586158e-05 -6.59779417e-06 -7.16513117e-23 3.23135683e-05 -7.33888468e-07 2.18277012e-23
298000           1.17020540e-04 4.46485828e-06 -2.83949558e-23 8.40276738e-05 1.43649058e-06 -7.09520023e-23 3.29928662e-05 3.02836770e-06 4.25570465e-23
299000           1.06981273e-04 4.37444054e-07 -3.74068771e-23 7.41111002e-05 -2.10800221e-06 -6.55588978e-23 3.28701729e-05 2.54544626e-06 2.81520207e-23
300000           1.04148528e-04 3.44464156e-06 -6.33145806e-23 7.16340624e-05 4.92679288e-06 -6.53807951e-23 3.25144656e-05 -1.48215132e-06 2.06621452e-24
301000           1.20083241e-04 -8.76472455e-08 -6.43518769e-23 8.67647025e-05 3.36682424e-06 -6.71651685e-23 3.33185387e-05 -3.45447149e-06 2.81329164e-24
302000           9.40487845e-05 -4.61938364e-06 -4.84047083e-23 6.16323990e-05 -3.27600657e-06 -6.80934672e-23 3.24163854e-05 -1.34337707e-06 1.96887589e-23
303000           1.14461517e-04 8.93783350e-07 -2.93968176e-23 8.15926348e-05 -1.86562159e-06 -7.02640042e-23 3.28688821e-05 2.75940494e-06 4.08671866e-23
304000           1.11049552e-04 -1.35076807e-07 -3.43410248e-23 7.80269030e-05 -3.01145445e-06 -6.46869108e-23 3.30226486e-05 2.87637765e-06 3.03458860e-23
305000           9.96161789e-05 2.50448759e-06 -6.10068007e-23 6.72134365e-05 3.37218680e-06 -6.91400610e-23 3.24027424e-05 -8.67699217e-07 8.13326031e-24
306000           1.20751413e-04 -2.62695735e-06 -6.64871371e-23 8.74479714e-05 8.09244183e-07 -6.85718556e-23 3.33034415e-05 -3.43620153e-06 2.08471858e-24
307000           9.73977699e-05 1.25882498e-06 -4.74393002e-23 6.48226486e-05 3.13558592e-06 -6.60048844e-23 3.25751213e-05 -1.87676094e-06 1.85655842e-23
308000           1.10355988e-04 1.14019743e-07 -3.27039931e-23 7.76491520e-05 -2.25374871e-06 -7.02585233e-23 3.27068360e-05 2.36776845e-06 3.75545302e-23
309000           1.14765132e-04 -6.96962980e-07 -3.22086975e-23 8.16350950e-05 -3.82184872e-06 -6.35985070e-23 3.31300368e-05 3.12488574e-06 3.13898095e-23
310000           9.59614790e-05 2.55669553e-06 -6.05702163e-23 6.36377390e-05 2.75779892e-06 -7.13936497e-23 3.23237401e-05 -2.01103390e-07 1.08234334e-23
311000           1.20921297e-04 -5.24766845e-07 -6.68529853e-23 8.76877810e-05 2.80797877e-06 -6.74206061e-23 3.32335162e-05 -3.33274562e-06 5.67620775e-25
312000           1.01701240e-04 -9.00524140e-08 -4.88816126e-23 6.89556897e-05 2.20933480e-06 -6.25051551e-23 3.27455503e-05 -2.29938721e-06 1.36235425e-23
313000           1.05873608e-04 2.95930964e-06 -3.72609436e-23 7.33159209e-05 1.03891771e-06 -7.41587816e-23 3.25576871e-05 1.92039193e-06 3.68978380e-23
314000           1.17140540e-04 1.32745169e-06 -3.13219853e-23 8.39415586e-05 -1.93801576e-06 -6.55339794e-23 3.31989811e-05 3.26546746e-06 3.42119940e-23
315000           9.45575135e-05 5.66286109e-06 -5.95141704e-23 6.22400498e-05 5.30950568e-06 -7.15880949e-23 3.23174637e-05 3.53355418e-07 1.20739245e-23
316000           1.19632397e-04 1.29999110e-06 -6.57420856e-23 8.64884815e-05 4.48076722e-06 -6.82816400e-23 3.31439153e-05 -3.18077612e-06 2.53955434e-24
317000           1.06133326e-04 -1.29190514e-06 -5.11891215e-23 7.32187360e-05 1.36565883e-06 -5.94775218e-23 3.29145897e-05 -2.65756397e-06 8.28840024e-24
318000           1.01856381e-04 -6.80067757e-06 -4.00801292e-23 6.94121848e-05 -8.21933107e-06 -7.56888092e-23 3.24441964e-05 1.41865349e-06 3.56086800e-23
319000           1.19221170e-04 1.52127034e-06 -2.97785930e-23 8.59780769e-05 -1.86612837e-06 -6.65521558e-23 3.32430926e-05 3.38739871e-06 3.67735628e-23
320000           9.50969603e-05 1.16247030e-06 -5.49301794e-23 6.27179081e-05 1.76359252e-07 -7.07312287e-23 3.23790522e-05 9.86111043e-07 1.58010494e-23
321000           1.17501198e-04 -1.40008047e-06 -6.48897314e-23 8.44911197e-05 1.51368261e-06 -6.52289041e-23 3.30100784e-05 -2.91376308e-06 3.39172750e-25
322000           1.10638584e-04 -7.37913914e-07 -5.40253677e-23 7.75744386e-05 2.21090879e-06 -5.87026526e-23 3.30641458e-05 -2.94882270e-06 4.67728491e-24
323000           9.76491714e-05 -1.07399625e-05 -4.43525388e-23 6.53154151e-05 -1.15252259e-05 -7.60333511e-23 3.23337563e-05 7.85263432e-07 3.16808123e-23
324000           1.20040209e-04 -2.45664599e-07 -2.84384680e-23 8.68144679e-05 -3.63695752e-06 -6.65449421e-23 3.32257413e-05 3.39129292e-06 3.81064741e-23
325000           9.75825759e-05 -1.07431168e-07 -4.89395942e-23 6.50817424e-05 -1.65122595e-06 -6.86068111e-23 3.25008335e-05 1.54379479e-06 1.96672169e-23
326000           1.14017751e-04 -5.67112854e-06 -6.39077156e-23 8.11651480e-05 -3.08861416e-06 -6.67128844e-23 3.28526029e-05 -2.58251438e-06 2.80516883e-24
327000           1.13979967e-04 -7.49907916e-07 -5.62648709e-23 8.08081263e-05 2.41668178e-06 -6.48838590e-23 3.31718407e-05 -3.16658970e-06 8.61898808e-24
328000           9.43623244e-05 6.20352055e-06 -5.05872837e-23 6.20918336e-05 6.00527305e-06 -7.80613675e-23 3.22704908e-05 1.98247500e-07 2.74740838e-23
329000           1.19697149e-04 5.96149423e-07 -2.75954700e-23 8.65346318e-05 -2.70640710e-06 -6.94362543e-23 3.31625167e-05 3.30255652e-06 4.18407843e-23
330000           1.00525892e-04 5.46711586e-07 -4.38339988e-23 6.78892668e-05 -1.42111775e-06 -6.86380305e-23 3.26366252e-05 1.96782933e-06 2.48040317e-23
331000           1.10586893e-04 -3.80787799e-06 -6.38453280e-23 7.78678468e-05 -1.58507646e-06 -6.61858861e-23 3.27190459e-05 -2.22280153e-06 2.34055804e-24
332000           1.17353044e-04 -2.54533521e-06 -5.96434449e-23 8.40919230e-05 7.90231042e-07 -6.64505404e-23 3.32611206e-05 -3.33556626e-06 6.80709548e-24
333000           9.26568676e-05 -9.35184037e-06 -4.95431987e-23 6.03729158e-05 -8.95003872e-06 -7.70357203e-23 3.22839518e-05 -4.01801646e-07 2.74925215e-23
334000           1.18365010e-04 -1.91811128e-06 -2.72504653e-23 8.52994467e-05 -5.07320758e-06 -7.14131980e-23 3.30655628e-05 3.15509630e-06 4.41627326e-23
335000           1.04738587e-04 7.20180570e-07 -3.94215424e-23 7.19362699e-05 -1.67310633e-06 -6.60931083e-23 3.28023167e-05 2.39328690e-06 2.66715659e-23
336000           1.06052979e-04 -6.39640913e-06 -6.29792051e-23 7.34797887e-05 -4.67516761e-06 -6.49056818e-23 3.25731908e-05 -1.72124152e-06 1.92647668e-24
337000           1.19245530e-04 7.51246790e-07 -6.29517154e-23 8.59421169e-05 4.17997267e-06 -6.96158945e-23 3.33034135e-05 -3.42872588e-06 6.66417916e-24
338000           9.30550566e-05 -6.35821259e-06 -4.85820932e-23 6.06927611e-05 -5.28447604e-06 -7.26782732e-23 3.23622955e-05 -1.07373655e-06 2.40961800e-23
339000           1.15614133e-04 4.86096484e-06 -2.91540107e-23 8.26879699e-05 1.97156834e-06 -7.08854867e-23 3.29261635e-05 2.88939650e-06 4.17314760e-23
340000           1.09203262e-04 3.43893730e-06 -3.59294102e-23 7.62426697e-05 6.95491996e-07 -6.47044759e-23 3.29605922e-05 2.74344530e-06 2.87750657e-23
341000           1.01602287e-04 1.52132328e-06 -6.15734559e-23 6.91529045e-05 2.64936012e-06 -6.63477498e-23 3.24493825e-05 -1.12803684e-06 4.77429389e-24
342000           1.20840513e-04 -2.73001991e-06 -6.54845770e-23 8.75325210e-05 7.13726711e-07 -6.76483949e-23 3.33079921e-05 -3.44374662e-06 2.16381785e-24
343000           9.58374305e-05 2.53093696e-07 -4.79813978e-23 6.33391567e-05 1.87583568e-06 -6.61982623e-23 3.24982738e-05 -1.62274198e-06 1.82168644e-23
344000           1.12254475e-04 2.54999479e-06 -3.10933626e-23 7.94702771e-05 -2.19782477e-08 -7.15831249e-23 3.27841980e-05 2.57197304e-06 4.04897623e-23
345000           1.12799667e-04 2.96146706e-06 -3.34059536e-23 7.97258509e-05 -2.24839022e-08 -6.40450869e-23 3.30738157e-05 2.98395096e-06 3.06391333e-23
346000           9.77476587e-05 4.11127689e-06 -6.09853918e-23 6.53919027e-05 4.69649547e-06 -7.01073425e-23 3.23557560e-05 -5.85218581e-07 9.12195070e-24
347000           1.21058727e-04 -2.22919673e-06 -6.68107588e-23 8.77763564e-05 1.17897099e-06 -6.88869829e-23 3.32823708e-05 -3.40816772e-06 2.07622413e-24
348000           9.95703481e-05 -6.74164797e-07 -4.79376985e-23 6.69045918e-05 1.42218530e-06 -6.24680131e-23 3.26657563e-05 -2.09635010e-06 1.45303146e-23
349000           1.08226101e-04 3.56450347e-06 -3.45576140e-23 7.55847887e-05 1.39411370e-06 -7.42194203e-23 3.26413124e-05 2.17038977e-06 3.96618063e-23
350000           1.15944994e-04 1.76093994e-06 -3.18444367e-23 8.27746596e-05 -1.44993036e-06 -6.59140381e-23 3.31703342e-05 3.21087030e-06 3.40696014e-23
351000           9.50943152e-05 4.75219503e-06 -6.01917347e-23 6.27783553e-05 4.67499186e-06 -7.32270074e-23 3.23159599e-05 7.72031638e-08 1.30352727e-23
352000           1.20479787e-04 7.15182231e-07 -6.66174446e-23 8.72824239e-05 3.98144226e-06 -6.78644394e-23 3.31973627e-05 -3.26626003e-06 1.24699485e-24
353000           1.03955702e-04 -1.68786937e-06 -4.97265225e-23 7.11174787e-05 8.07189414e-07 -6.15457574e-23 3.28382229e-05 -2.49505878e-06 1.18192349e-23
354000           1.03778698e-04 4.27905726e-06 -3.92561367e-23 7.12831260e-05 2.62971404e-06 -7.44629280e-23 3.24955723e-05 1.64934322e-06 3.52067913e-23
355000           1.18323322e-04 8.49212125e-07 -3.04232139e-23 8.50960700e-05 -2.49248889e-06 -6.61375020e-23 3.32272515e-05 3.34170101e-06 3.57142882e-23
356000           9.46417913e-05 1.50581912e-06 -5.67085233e-23 6.22948753e-05 7.93029660e-07 -7.07543791e-23 3.23469160e-05 7.12789461e-07 1.40458559e-23
357000           1.18806228e-04 -2.69310541e-09 -6.54749089e-23 8.57327476e-05 3.04147494e-06 -6.58155201e-23 3.30734801e-05 -3.04416804e-06 3.40611133e-25
358000           1.08522109e-04 4.20497031e-07 -5.26344306e-23 7.55309120e-05 3.22644879e-06 -5.85224583e-23 3.29911968e-05 -2.80595176e-06 5.88802774e-24
359000           9.97565595e-05 -1.32178616e-05 -4.16520477e-23 6.73703909e-05 -1.43194373e-05 -7.60733396e-23 3.23861686e-05 1.10157570e-06 3.44212918e-23
360000           1.19687558e-04 1.34608969e-06 -2.91946782e-23 8.64481232e-05 -2.04026591e-06 -6.65242710e-23 3.32394351e-05 3.38635560e-06 3.73295927e-23
361000           9.59059479e-05 3.59763654e-06 -5.31801647e-23 6.34783497e-05 2.36464520e-06 -7.01226618e-23 3.24275982e-05 1.23299134e-06 1.69424970e-23
362000           1.16308584e-04 -3.34930534e-07 -6.48345069e-23 8.33607056e-05 2.45035127e-06 -6.47452211e-23 3.29478789e-05 -2.78528181e-06 -8.92858425e-26
363000           1.12207652e-04 4.36131899e-07 -5.52059765e-23 7.90870022e-05 3.50228912e-06 -6.27961292e-23 3.31206501e-05 -3.06615722e-06 7.59015266e-24
364000           9.60176313e-05 6.61359860e-06 -4.82623871e-23 6.37117846e-05 6.05895593e-06 -7.67549874e-23 3.23058467e-05 5.54642668e-07 2.84926003e-23
365000           1.20202076e-04 3.02579613e-07 -2.79623203e-23 8.69899899e-05 -3.07231903e-06 -6.65264717e-23 3.32120865e-05 3.37489864e-06 3.85641513e-23
366000           9.90728332e-05 -3.98368920e-07 -4.65364908e-23 6.64963315e-05 -2.16413423e-06 -6.55882881e-23 3.25765017e-05 1.76576531e-06 1.90517974e-23
367000           1.12543296e-04 -1.70730707e-06 -6.40115788e-23 7.97513875e-05 7.00704131e-07 -6.56249772e-23 3.27919080e-05 -2.40801120e-06 1.61339847e-24
368000           1.15394582e-04 -1.61754169e-06 -5.83793160e-23 8.21723204e-05 1.64247966e-06 -6.45548708e-23 3.32222614e-05 -3.26002136e-06 6.17555475e-24
369000           9.34849377e-05 -1.09660296e-05 -4.96152168e-23 6.12028111e-05 -1.08707860e-05 -7.65117211e-23 3.22821267e-05 -9.52436261e-08 2.68965043e-23
370000           1.18922010e-04 -2.81745087e-06 -2.73394264e-23 8.58155958e-05 -6.05953433e-06 -7.13653576e-23 3.31064145e-05 3.24208347e-06 4.40259312e-23
371000           1.02973844e-04 2.80421140e-06 -4.11612942e-23 7.02403085e-05 5.78832638e-07 -6.68448723e-23 3.27335351e-05 2.22537876e-06 2.56835782e-23
372000           1.07536611e-04 -5.77597041e-06 -6.28720545e-23 7.49131926e-05 -3.83677639e-06 -6.86561266e-23 3.26234186e-05 -1.93919402e-06 5.78407211e-24
373000           1.18362116e-04 -2.77950953e-06 -6.18802506e-23 8.50781423e-05 6.03317590e-07 -6.48313011e-23 3.32839735e-05 -3.38282712e-06 2.95105046e-24
374000           9.27183698e-05 -8.61106229e-06 -4.95788442e-23 6.04102259e-05 -7.84690950e-06 -7.36466510e-23 3.23081440e-05 -7.64152787e-07 2.40678068e-23
375000           1.16954225e-04 4.46555511e-06 -2.85169400e-23 8.39653041e-05 1.45286563e-06 -7.10543189e-23 3.29889208e-05 3.01268948e-06 4.25373788e-23
376000           1.07115973e-04 1.35205766e-06 -3.74605156e-23 7.42425045e-05 -1.19189601e-06 -6.47569272e-23 3.28734688e-05 2.54395367e-06 2.72964115e-23
377000           1.04056030e-04 2.56997828e-06 -6.29362726e-23 7.15509153e-05 4.04771482e-06 -6.77976122e-23 3.25051146e-05 -1.47773653e-06 4.86133964e-24
378000           1.20052810e-04 -2.51646611e-06 -6.44171073e-23 8.67336210e-05 9.40211399e-07 -6.77167030e-23 3.33191891e-05 -3.45667751e-06 3.29959570e-24
379000           9.43204558e-05 -1.44021896e-06 -4.83647398e-23 6.18980848e-05 -8.37811399e-08 -6.84053746e-23 3.24223709e-05 -1.35643782e-06 2.00406348e-23
380000           1.14389453e-04 8.32438804e-07 -2.94266763e-23 8.15221632e-05 -1.91984096e-06 -7.02180009e-23 3.28672897e-05 2.75227976e-06 4.07913246e-23
381000           1.11124237e-04 -4.13076929e-07 -3.41677116e-23 7.81050864e-05 -3.28801531e-06 -6.53143354e-23 3.30191502e-05 2.87493838e-06 3.11466238e-23
382000           9.96962008e-05 2.62661315e-06 -6.15729991e-23 6.72933161e-05 3.49575833e-06 -6.67893119e-23 3.24028847e-05 -8.69145179e-07 5.21631283e-24
383000           1.21215026e-04 -6.08129718e-07 -6.67715223e-23 8.79115198e-05 2.82857615e-06 -6.73767106e-23 3.33035066e-05 -3.43670586e-06 6.05188279e-25
384000           9.75222986e-05 -3.22320183e-07 -4.77288252e-23 6.49457144e-05 1.55788227e-06 -6.40630340e-23 3.25765842e-05 -1.88020246e-06 1.63342088e-23
385000           1.10268100e-04 6.47766077e-06 -3.30931164e-23 7.75682166e-05 4.12070059e-06 -7.38386383e-23 3.26998830e-05 2.35696017e-06 4.07455219e-23
386000           1.14637797e-04 8.28407486e-07 -3.23382650e-23 8.15121740e-05 -2.28789455e-06 -6.58424048e-23 3.31256229e-05 3.11630204e-06 3.35041398e-23
387000           9.61506921e-05 6.68503405e-06 -6.13336542e-23 6.38244230e-05 6.90332718e-06 -6.98597668e-23 3.23262691e-05 -2.18293134e-07 8.52611255e-24
388000           1.20511325e-04 1.18136190e-08 -6.67264337e-23 8.72829787e-05 3.34973894e-06 -7.20079799e-23 3.32283467e-05 -3.33792532e-06 5.28154619e-24
389000           1.01597487e-04 -9.77358057e-07 -4.85663133e-23 6.88513586e-05 1.32110889e-06 -6.42949457e-23 3.27461284e-05 -2.29846694e-06 1.57286324e-23
390000           1.06144264e-04 3.76121958e-06 -3.73376354e-23 7.35812674e-05 1.83827185e-06 -7.33446050e-23 3.25629970e-05 1.92294773e-06 3.60069696e-23
391000           1.17379852e-04 1.48353060e-06 -3.10544320e-23 8.41804717e-05 -1.78508264e-06 -6.53513765e-23 3.31993802e-05 3.26861324e-06 3.42969445e-23
392000           9.47921369e-05 2.62747701e-06 -5.93534904e-23 6.24738546e-05 2.27515509e-06 -7.12437965e-23 3.23182823e-05 3.52321928e-07 1.18903061e-23
393000           1.19814910e-04 1.16536838e-07 -6.57496867e-23 8.66668804e-05 3.29756473e-06 -6.87061934e-23 3.31480293e-05 -3.18102789e-06 2.95650670e-24
394000           1.06024935e-04 -3.38196786e-06 -5.03764295e-23 7.31152087e-05 -7.26096612e-07 -6.29273908e-23 3.29097267e-05 -2.65587125e-06 1.25509613e-23
395000           1.01933891e-04 -7.60925926e-06 -4.00580211e-23 6.94854283e-05 -9.03149139e-06 -7.57806970e-23 3.24484629e-05 1.42223212e-06 3.57226759e-23
396000           1.19187753e-04 1.55188918e-06 -2.97146167e-23 8.59446856e-05 -1.83676740e-06 -6.65145341e-23 3.32430676e-05 3.38865658e-06 3.67999173e-23
397000           9.51782299e-05 5.46866685e-06 -5.56771993e-23 6.27909228e-05 4.48668152e-06 -6.81810566e-23 3.23873071e-05 9.81985328e-07 1.25038573e-23
398000           1.17519195e-04 -1.57789226e-06 -6.48687175e-23 8.45066428e-05 1.33743345e-06 -6.53546918e-23 3.30125523e-05 -2.91532572e-06 4.85974241e-25
399000           1.10604287e-04 -1.06781526e-06 -5.39720312e-23 7.75411449e-05 1.87962883e-06 -5.87999834e-23 3.30631421e-05 -2.94744409e-06 4.82795218e-24
400000           9.74013962e-05 -1.06815684e-05 -4.38708272e-23 6.50738506e-05 -1.14709404e-05 -8.06499913e-23 3.23275456e-05 7.89371981e-07 3.67791641e-23
401000           1.19931717e-04 -3.05203159e-07 -2.83571162e-23 8.67084435e-05 -3.69764317e-06 -6.78038229e-23 3.32232731e-05 3.39244002e-06 3.94467066e-23
402000           9.75250872e-05 5.19123080e-06 -4.95997654e-23 6.50226893e-05 3.65028592e-06 -6.87336808e-23 3.25023980e-05 1.54094487e-06 1.91339154e-23
403000           1.14161793e-04 -2.97158985e-06 -6.42770586e-23 8.13056106e-05 -3.86466937e-07 -6.64885988e-23 3.28561822e-05 -2.58512291e-06 2.21154019e-24
404000           1.14303011e-04 -2.19678318e-06 -5.63451228e-23 8.11312923e-05 9.69429024e-07 -6.39332421e-23 3.31717187e-05 -3.16621220e-06 7.58811928e-24
405000           9.45248123e-05 5.86575792e-06 -5.06805879e-23 6.22531098e-05 5.66515163e-06 -7.66190226e-23 3.22717025e-05 2.00606289e-07 2.59384347e-23
406000           1.19804887e-04 -2.09830618e-07 -2.74041450e-23 8.66397884e-05 -3.51307075e-06 -6.82558416e-23 3.31650983e-05 3.30324013e-06 4.08516965e-23
407000           1.00610793e-04 -2.54467412e-07 -4.37560976e-23 6.79726332e-05 -2.21909911e-06 -6.84514976e-23 3.26381598e-05 1.96463170e-06 2.46954000e-23
408000           1.10568507e-04 -5.75341143e-06 -6.37782084e-23 7.78473371e-05 -3.52740645e-06 -6.60676864e-23 3.27211699e-05 -2.22600497e-06 2.28947807e-24
409000           1.17269766e-04 -1.83872817e-06 -5.96007610e-23 8.40077803e-05 1.49575805e-06 -6.64325479e-23 3.32619854e-05 -3.33448622e-06 6.83178689e-24
410000           9.28773989e-05 -9.58720022e-06 -4.96534349e-23 6.05886120e-05 -9.18956950e-06 -7.54915815e-23 3.22887869e-05 -3.97630719e-07 2.58381466e-23
411000           1.18473728e-04 -1.64685148e-06 -2.76054018e-23 8.54048392e-05 -4.80396183e-06 -7.00963869e-23 3.30688890e-05 3.15711035e-06 4.24909851e-23
412000           1.04768065e-04 2.89551067e-06 -3.95689879e-23 7.19642898e-05 5.05334406e-07 -6.58828890e-23 3.28037749e-05 2.39017627e-06 2.63139011e-23
413000           1.05880529e-04 -3.20607719e-06 -6.32373172e-23 7.33066134e-05 -1.48173648e-06 -6.66911145e-23 3.25739158e-05 -1.72434071e-06 3.45379734e-24
414000           1.19257150e-04 -3.34823181e-06 -6.31595701e-23 8.59493195e-05 8.00349973e-08 -6.80296489e-23 3.33078307e-05 -3.42826681e-06 4.87007881e-24
415000           9.33902113e-05 -2.93137971e-06 -4.88940318e-23 6.10297187e-05 -1.83744785e-06 -7.14219465e-23 3.23604925e-05 -1.09393185e-06 2.25279148e-23
416000           1.15908948e-04 -1.13239070e-06 -2.90815591e-23 8.29773124e-05 -4.01583596e-06 -6.79789606e-23 3.29316361e-05 2.88344526e-06 3.88974015e-23
417000           1.09143840e-04 -5.61467090e-07 -3.56670171e-23 7.61880580e-05 -3.29186483e-06 -6.46848797e-23 3.29557822e-05 2.73039774e-06 2.90178626e-23
418000           1.01240312e-04 1.90145708e-06 -6.10029126e-23 6.88003706e-05 3.05024518e-06 -7.18298315e-23 3.24399410e-05 -1.14878810e-06 1.08269189e-23
419000           1.20684786e-04 -2.59765733e-06 -6.53690675e-23 8.73750305e-05 8.49832969e-07 -6.70070690e-23 3.33097551e-05 -3.44749030e-06 1.63800154e-24
420000           9.56639784e-05 3.99606934e-06 -4.84478057e-23 6.31747043e-05 5.63228595e-06 -6.55960080e-23 3.24892741e-05 -1.63621661e-06 1.71482022e-23
421000           1.12337252e-04 5.04811906e-06 -3.11233403e-23 7.95533402e-05 2.48002887e-06 -7.28526121e-23 3.27839115e-05 2.56809018e-06 4.17292718e-23
422000           1.12700815e-04 -7.02905123e-07 -3.31147562e-23 7.96277838e-05 -3.67999844e-06 -6.37675536e-23 3.30730308e-05 2.97709332e-06 3.06527974e-23
423000           9.83420053e-05 5.19583481e-06 -6.17006852e-23 6.59725774e-05 5.79848713e-06 -6.59799704e-23 3.23694279e-05 -6.02652315e-07 4.27928526e-24
424000           1.21205498e-04 -1.84211915e-06 -6.68883905e-23 8.79217805e-05 1.56822123e-06 -6.99555602e-23 3.32837171e-05 -3.41034038e-06 3.06716967e-24
425000           9.92481918e-05 -3.85839943e-06 -4.76562791e-23 6.65917992e-05 -1.77078643e-06 -6.47995971e-23 3.26563925e-05 -2.08761300e-06 1.71433180e-23
426000           1.08351981e-04 3.69448508e-06 -3.44764269e-23 7.57076566e-05 1.51229046e-06 -7.41139794e-23 3.26443240e-05 2.18219463e-06 3.96375525e-23
427000           1.16052323e-04 1.53115595e-06 -3.17513391e-23 8.28792875e-05 -1.67927802e-06 -6.43811492e-23 3.31730360e-05 3.21043397e-06 3.26298101e-23
428000           9.52772541e-05 3.16631402e-06 -6.06045493e-23 6.29535526e-05 3.10323168e-06 -7.00221146e-23 3.23237016e-05 6.30823445e-08 9.41756528e-24
429000           1.20301063e-04 -4.33944249e-08 -6.62882927e-23 8.71027510e-05 3.22803990e-06 -6.94794348e-23 3.31983116e-05 -3.27143433e-06 3.19114203e-24
430000           1.03740116e-04 1.69719717e-07 -4.96813579e-23 7.09096553e-05 2.65700166e-06 -6.44578472e-23 3.28304610e-05 -2.48728195e-06 1.47764893e-23
431000           1.03792578e-04 4.54866715e-06 -3.93412283e-23 7.12989440e-05 2.88767042e-06 -7.46317929e-23 3.24936344e-05 1.66099673e-06 3.52905646e-23
432000           1.18395066e-04 -1.12321497e-08 -3.02251086e-23 8.51699933e-05 -3.35274331e-06 -6.58912354e-23 3.32250727e-05 3.34151116e-06 3.56661268e-23
433000           9.46028129e-05 4.95413237e-06 -5.72740616e-23 6.22600781e-05 4.24945153e-06 -7.07944293e-23 3.23427348e-05 7.04680842e-07 1.35203677e-23
434000           1.18619179e-04 -2.20129027e-07 -6.54476948e-23 8.55465188e-05 2.82827228e-06 -6.78823608e-23 3.30726598e-05 -3.04840131e-06 2.43466603e-24
435000           1.08461995e-04 -1.53650229e-06 -5.19354759e-23 7.54776497e-05 1.26557264e-06 -6.16177396e-23 3.29843454e-05 -2.80207493e-06 9.68226362e-24
436000           9.98710517e-05 -1.31114722e-05 -4.16407932e-23 6.74817507e-05 -1.42237085e-05 -7.56866872e-23 3.23893010e-05 1.11223632e-06 3.40458940e-23
437000           1.19674577e-04 1.29928847e-06 -2.92093129e-23 8.64342069e-05 -2.08672346e-06 -6.65108413e-23 3.32403702e-05 3.38601193e-06 3.73015284e-23
438000           9.57265637e-05 -1.66251738e-06 -5.25585438e-23 6.33024418e-05 -2.88461600e-06 -7.19813615e-23 3.24241220e-05 1.22209861e-06 1.94228176e-23
439000           1.16205814e-04 -2.74884516e-06 -6.42689582e-23 8.32578165e-05 4.15555468e-08 -6.60551611e-23 3.29479976e-05 -2.79040071e-06 1.78620293e-24
440000           1.12031876e-04 -1.93497628e-06 -5.48245313e-23 7.89114989e-05 1.12764868e-06 -6.26805855e-23 3.31203774e-05 -3.06262496e-06 7.85605423e-24
441000           9.59398020e-05 6.69809852e-06 -4.84098346e-23 6.36346756e-05 6.13824357e-06 -7.67593472e-23 3.23051264e-05 5.59854949e-07 2.83495126e-23
442000           1.20111999e-04 7.91546166e-07 -2.81211933e-23 8.68992747e-05 -2.58669873e-06 -6.80974435e-23 3.32127245e-05 3.37824490e-06 3.99762501e-23
443000           9.89959260e-05 3.64739938e-06 -4.67918237e-23 6.64214281e-05 1.88164753e-06 -6.70164257e-23 3.25744979e-05 1.76575185e-06 2.02246020e-23
444000           1.12567447e-04 -3.11543827e-06 -6.40443907e-23 7.97739085e-05 -7.06373325e-07 -6.63258533e-23 3.27935381e-05 -2.40906495e-06 2.28146255e-24
445000           1.15645272e-04 -2.75033580e-06 -5.79396803e-23 8.24270321e-05 5.07372586e-07 -6.69959344e-23 3.32182399e-05 -3.25770838e-06 9.05625406e-24
446000           9.35379687e-05 -9.01566788e-06 -4.99251828e-23 6.12555822e-05 -8.91049690e-06 -7.70848637e-23 3.22823865e-05 -1.05170978e-07 2.71596809e-23
447000           1.19103127e-04 3.33672765e-07 -2.77545942e-23 8.59889879e-05 -2.90272083e-06 -6.87856365e-23 3.31141388e-05 3.23639359e-06 4.10310423e-23
448000           1.02986269e-04 -3.44509793e-08 -4.11949419e-23 7.02577183e-05 -2.24233653e-06 -6.58196811e-23 3.27285511e-05 2.20788555e-06 2.46247393e-23
449000           1.08114210e-04 -2.13195886e-06 -6.38077017e-23 7.54790836e-05 -1.72790117e-07 -6.43784744e-23 3.26351262e-05 -1.95916875e-06 5.70772774e-25
450000           1.18245053e-04 8.11468196e-07 -6.15531592e-23 8.49650414e-05 4.19453418e-06 -6.84413731e-23 3.32800114e-05 -3.38306599e-06 6.88821398e-24
451000           9.27682909e-05 -7.63099282e-06 -4.98580368e-23 6.04524620e-05 -6.90012459e-06 -7.07871343e-23 3.23158289e-05 -7.30868234e-07 2.09290974e-23
452000           1.17040353e-04 4.33376624e-06 -2.83687670e-23 8.40461806e-05 1.30400602e-06 -7.09880042e-23 3.29941727e-05 3.02976023e-06 4.26192372e-23
453000           1.06981240e-04 1.55248552e-06 -3.74368825e-23 7.41115696e-05 -9.91390463e-07 -6.56508194e-23 3.28696707e-05 2.54387598e-06 2.82139369e-23
454000           1.04086843e-04 1.46551874e-06 -6.25974719e-23 7.15756453e-05 2.94938794e-06 -6.89075725e-23 3.25111980e-05 -1.48386920e-06 6.31010063e-24
455000           1.20228304e-04 -3.87655641e-06 -6.42021045e-23 8.69081080e-05 -4.22494532e-07 -6.74914921e-23 3.33201956e-05 -3.45406187e-06 3.28938757e-24
456000           9.42125068e-05 -1.18467195e-06 -4.85151602e-23 6.17923639e-05 1.56836014e-07 -6.79234197e-23 3.24201429e-05 -1.34150796e-06 1.94082595e-23
457000           1.14338945e-04 4.93105979e-06 -2.98330858e-23 8.14708150e-05 2.17171096e-06 -7.17196738e-23 3.28681297e-05 2.75934883e-06 4.18865880e-23
458000           1.11091254e-04 2.78997399e-06 -3.46794909e-23 7.80658357e-05 -8.38438092e-08 -6.29564431e-23 3.30254179e-05 2.87381780e-06 2.82769522e-23
459000           9.98095944e-05 7.06470780e-06 -6.17974277e-23 6.74035411e-05 7.93650936e-06 -6.79683702e-23 3.24060533e-05 -8.71801563e-07 6.17094247e-24
460000           1.20770457e-04 -2.51046331e-06 -6.65732139e-23 8.74700972e-05 9.26056120e-07 -6.90834419e-23 3.33003594e-05 -3.43651943e-06 2.51022799e-24
461000           9.74626209e-05 -5.41807301e-06 -4.71539538e-23 6.48851514e-05 -3.54371583e-06 -6.55423767e-23 3.25774695e-05 -1.87435718e-06 1.83884229e-23
462000           1.10340438e-04 1.13154269e-06 -3.23667561e-23 7.76335190e-05 -1.22983493e-06 -7.12083074e-23 3.27069186e-05 2.36137762e-06 3.88415513e-23
463000           1.14582958e-04 8.43005577e-07 -3.22077519e-23 8.14564088e-05 -2.27062935e-06 -6.55216026e-23 3.31265494e-05 3.11363492e-06 3.33138508e-23
464000           9.61076910e-05 2.91195891e-06 -6.10829495e-23 6.37783097e-05 3.13724668e-06 -6.96843615e-23 3.23293813e-05 -2.25287772e-07 8.60141202e-24
465000           1.20681443e-04 1.65607611e-06 -6.64832318e-23 8.74503323e-05 4.99550426e-06 -6.93042026e-23 3.32311111e-05 -3.33942814e-06 2.82097082e-24
466000           1.01880439e-04 -4.26828277e-06 -4.85925079e-23 6.91316678e-05 -1.97250008e-06 -5.99955953e-23 3.27487714e-05 -2.29578269e-06 1.14030873e-23
467000           1.06150933e-04 4.69285665e-06 -3.73678042e-23 7.35839123e-05 2.75071567e-06 -7.24137661e-23 3.25670210e-05 1.94214097e-06 3.50459618e-23
468000           1.17232477e-04 1.78225309e-06 -3.10834157e-23 8.40329370e-05 -1.49087918e-06 -6.55095615e-23 3.31995404e-05 3.27313227e-06 3.44261458e-23
469000           9.47446552e-05 2.97292917e-06 -5.94131744e-23 6.24185498e-05 2.62228322e-06 -7.02792057e-23 3.23261054e-05 3.50645950e-07 1.08660313e-23
470000           1.19750932e-04 -1.97612744e-06 -6.55370455e-23 8.66028726e-05 1.20423108e-06 -6.89547901e-23 3.31480595e-05 -3.18035852e-06 3.41774466e-24
471000           1.06019453e-04 -2.80478600e-06 -5.04941969e-23 7.31112553e-05 -1.53085655e-07 -6.23271772e-23 3.29081981e-05 -2.65170035e-06 1.18329803e-23
472000           1.02236402e-04 -1.05686391e-05 -3.96757814e-23 6.97861818e-05 -1.19964616e-05 -7.55652930e-23 3.24502204e-05 1.42782254e-06 3.58895116e-23
473000           1.19034994e-04 -7.45332591e-07 -2.97249951e-23 8.57944544e-05 -4.13289275e-06 -6.71631208e-23 3.32405398e-05 3.38756016e-06 3.74381258e-23
474000           9.48969560e-05 3.76917789e-06 -5.53585362e-23 6.25173827e-05 2.79126952e-06 -7.19061512e-23 3.23795732e-05 9.77908372e-07 1.65476150e-23
475000           1.17535113e-04 -1.30993298e-06 -6.49179020e-23 8.45221836e-05 1.60800693e-06 -6.52045613e-23 3.30129297e-05 -2.91793991e-06 2.86659233e-25
476000           1.10590343e-04 1.49934827e-06 -5.41679076e-23 7.75267678e-05 4.44510788e-06 -5.85078223e-23 3.30635753e-05 -2.94575961e-06 4.33991467e-24
477000           9.76381311e-05 -1.08542811e-05 -4.42086399e-23 6.53004399e-05 -1.16492998e-05 -7.67040824e-23 3.23376912e-05 7.95018778e-07 3.24954425e-23
478000           1.20038486e-04 -2.49061004e-07 -2.84663375e-23 8.68100371e-05 -3.64013631e-06 -6.65107450e-23 3.32284488e-05 3.39107530e-06 3.80444075e-23
479000           9.75277280e-05 -1.29529135e-07 -4.90538333e-23 6.50281281e-05 -1.66418227e-06 -6.86471946e-23 3.24995999e-05 1.53465314e-06 1.95933613e-23
480000           1.14116492e-04 -5.36558400e-06 -6.38784831e-23 8.12600639e-05 -2.77684092e-06 -6.64738452e-23 3.28564284e-05 -2.58874308e-06 2.59536213e-24
481000           1.14256287e-04 -1.80339796e-06 -5.62567261e-23 8.10841513e-05 1.36013448e-06 -6.39776656e-23 3.31721359e-05 -3.16353244e-06 7.72093956e-24
482000           9.43661665e-05 7.35322526e-06 -5.07785765e-23 6.20932385e-05 7.14394248e-06 -7.68908065e-23 3.22729280e-05 2.09282776e-07 2.61122299e-23
483000           1.19671588e-04 -1.94826742e-07 -2.77986965e-23 8.65062620e-05 -3.49941451e-06 -6.92986502e-23 3.31653264e-05 3.30458776e-06 4.14999537e-23
484000           1.00622636e-04 3.39949685e-06 -4.42185007e-23 6.79835869e-05 1.43975989e-06 -6.75917607e-23 3.26390491e-05 1.95973696e-06 2.33732601e-23
485000           1.10796826e-04 -2.67203314e-06 -6.36883881e-23 7.80698972e-05 -4.41687839e-07 -6.55679059e-23 3.27269293e-05 -2.23034530e-06 1.87951773e-24
486000           1.17029691e-04 1.12132216e-06 -6.00598497e-23 8.37667970e-05 4.45398228e-06 -6.55401190e-23 3.32628944e-05 -3.33266012e-06 5.48026930e-24
487000           9.29214764e-05 -5.56145288e-06 -4.99562126e-23 6.06347413e-05 -5.16948796e-06 -7.59701475e-23 3.22867351e-05 -3.91964928e-07 2.60139349e-23
488000           1.18516790e-04 -1.05067835e-06 -2.74319254e-23 8.54437996e-05 -4.20913649e-06 -6.92386220e-23 3.30729909e-05 3.15845815e-06 4.18066966e-23
489000           1.04821257e-04 1.27570041e-06 -3.95526591e-23 7.20159989e-05 -1.11256743e-06 -6.44789329e-23 3.28052585e-05 2.38826785e-06 2.49262738e-23
490000           1.05946151e-04 -7.41725538e-06 -6.28180497e-23 7.33716314e-05 -5.69011117e-06 -6.68823485e-23 3.25745199e-05 -1.72714421e-06 4.06429874e-24
491000           1.19227611e-04 1.20397703e-06 -6.33433205e-23 8.59188542e-05 4.63131916e-06 -6.73409835e-23 3.33087567e-05 -3.42734213e-06 3.99766299e-24
492000           9.34115318e-05 -7.64421384e-06 -4.88680133e-23 6.10470588e-05 -6.55452537e-06 -6.97887144e-23 3.23644730e-05 -1.08968847e-06 2.09207011e-23
493000           1.15782632e-04 4.30380404e-06 -2.92747042e-23 8.28508935e-05 1.41875344e-06 -7.02649409e-23 3.29317384e-05 2.88505060e-06 4.09902367e-23
494000           1.09162046e-04 -2.67279682e-07 -3.55500090e-23 7.62078961e-05 -2.99533398e-06 -6.52875216e-23 3.29541498e-05 2.72805430e-06 2.97375126e-23
495000           1.01532791e-04 3.44595957e-06 -6.19633389e-23 6.90824198e-05 4.59811797e-06 -6.58637261e-23 3.24503710e-05 -1.15215841e-06 3.90038722e-24
496000           1.20601084e-04 8.37572318e-07 -6.56339504e-23 8.72907478e-05 4.28437043e-06 -6.86768598e-23 3.33103360e-05 -3.44679811e-06 3.04290941e-24
497000           9.57531572e-05 -4.34544696e-07 -4.80515362e-23 6.32551711e-05 1.17947592e-06 -6.61681235e-23 3.24979860e-05 -1.61402061e-06 1.81165873e-23
498000           1.12342954e-04 2.50512892e-06 -3.10173743e-23 7.95531166e-05 -7.49610481e-08 -7.15456844e-23 3.27898371e-05 2.58008997e-06 4.05283101e-23
499000           1.12544617e-04 -8.14136158e-08 -3.30617191e-23 7.94747213e-05 -3.06237880e-06 -6.59394193e-23 3.30698953e-05 2.98096518e-06 3.28777002e-23
500000           9.80183219e-05 3.03844529e-06 -6.08061721e-23 6.56548794e-05 3.63709524e-06 -6.96668588e-23 3.23634425e-05 -5.98649952e-07 8.86068669e-24
501000           1.21059414e-04 -1.29004796e-06 -6.69196436e-23 8.77735103e-05 2.11820007e-06 -6.89619295e-23 3.32859037e-05 -3.40824803e-06 2.04228592e-24
502000           9.94614393e-05 -6.69388245e-08 -4.79331997e-23 6.67988751e-05 2.01967256e-06 -6.25611409e-23 3.26625642e-05 -2.08661139e-06 1.46279413e-23
503000           1.08328429e-04 3.71138112e-06 -3.45079763e-23 7.56837136e-05 1.53034735e-06 -7.41881403e-23 3.26447156e-05 2.18103377e-06 3.96801640e-23
504000           1.16061073e-04 1.54736469e-06 -3.17768300e-23 8.28855101e-05 -1.66587572e-06 -6.43706652e-23 3.31755626e-05 3.21324041e-06 3.25938352e-23
505000           9.52493835e-05 3.15834467e-06 -6.05534805e-23 6.29239909e-05 3.08455836e-06 -7.00117986e-23 3.23253926e-05 7.37863070e-08 9.45831812e-24
506000           1.20519125e-04 -3.06706908e-06 -6.62731747e-23 8.73163485e-05 2.00464009e-07 -6.78691955e-23 3.32027763e-05 -3.26753309e-06 1.59602086e-24
507000           1.03901023e-04 2.64887902e-08 -4.99994456e-23 7.10666335e-05 2.51695097e-06 -6.20145101e-23 3.28343892e-05 -2.49046218e-06 1.20150644e-23
508000           1.03796822e-04 4.73651933e-06 -3.92997799e-23 7.13014418e-05 3.08093141e-06 -7.45414562e-23 3.24953806e-05 1.65558793e-06 3.52416762e-23
509000           1.18205002e-04 1.37082729e-06 -3.03853906e-23 8.49812474e-05 -1.97046980e-06 -6.68560760e-23 3.32237542e-05 3.34129709e-06 3.64706854e-23
510000           9.47269292e-05 6.23257700e-06 -5.73382089e-23 6.23787397e-05 5.52438529e-06 -6.96940577e-23 3.23481895e-05 7.08191717e-07 1.23558488e-23
511000           1.18568960e-04 -1.38197782e-06 -6.53416631e-23 8.54984492e-05 1.66477185e-06 -6.85245720e-23 3.30705105e-05 -3.04674967e-06 3.18290887e-24
512000           1.08081034e-04 1.14290116e-06 -5.20366972e-23 7.50994511e-05 3.94727547e-06 -6.50800248e-23 3.29815828e-05 -2.80437431e-06 1.30433275e-23
513000           9.98890647e-05 -1.24502263e-05 -4.16746172e-23 6.74993889e-05 -1.35561928e-05 -7.58233393e-23 3.23896758e-05 1.10596650e-06 3.41487221e-23
514000           1.19692189e-04 1.32627111e-06 -2.92094522e-23 8.64502777e-05 -2.05973544e-06 -6.65080833e-23 3.32419112e-05 3.38600655e-06 3.72986311e-23
515000           9.58750907e-05 3.69205600e-06 -5.32132356e-23 6.34465101e-05 2.46242641e-06 -7.01239871e-23 3.24285806e-05 1.22962959e-06 1.69107516e-23
516000           1.16312125e-04 -1.02428881e-06 -6.47476284e-23 8.33613637e-05 1.76300722e-06 -6.49589575e-23 3.29507618e-05 -2.78729602e-06 2.11329053e-25
517000           1.12295731e-04 2.79748772e-06 -5.51801689e-23 7.91736069e-05 5.86244864e-06 -6.31269693e-23 3.31221245e-05 -3.06496092e-06 7.94680035e-24
518000           9.60390069e-05 5.29278679e-06 -4.81500567e-23 6.37316637e-05 4.73562728e-06 -7.73102203e-23 3.23073433e-05 5.57159509e-07 2.91601636e-23
519000           1.20181906e-04 3.42985802e-07 -2.78942627e-23 8.69691743e-05 -3.03231943e-06 -6.71808467e-23 3.32127316e-05 3.37530523e-06 3.92865840e-23
520000           9.87323360e-05 5.75171710e-07 -4.64330977e-23 6.61640483e-05 -1.18806454e-06 -6.93981002e-23 3.25682877e-05 1.76323625e-06 2.29650025e-23
521000           1.12571773e-04 -1.85815563e-06 -6.40075666e-23 7.97763971e-05 5.52596829e-07 -6.55371222e-23 3.27953757e-05 -2.41075246e-06 1.52955554e-24
522000           1.15649500e-04 -2.61839531e-06 -5.83785668e-23 8.24256219e-05 6.40444822e-07 -6.40301375e-23 3.32238785e-05 -3.25884014e-06 5.65157065e-24
523000           9.38227224e-05 -1.18072996e-05 -4.99877428e-23 6.15299083e-05 -1.17000348e-05 -7.32104165e-23 3.22928141e-05 -1.07264795e-07 2.32226737e-23
524000           1.19151965e-04 -2.07478763e-06 -2.74697918e-23 8.60348490e-05 -5.31086358e-06 -6.88012204e-23 3.31171160e-05 3.23607595e-06 4.13314286e-23
525000           1.02778565e-04 -9.27590766e-07 -4.10172535e-23 7.00541748e-05 -3.13625770e-06 -6.78621063e-23 3.27243902e-05 2.20866693e-06 2.68448527e-23
526000           1.07984533e-04 -4.23448111e-06 -6.35406123e-23 7.53481905e-05 -2.27550439e-06 -6.63046573e-23 3.26363424e-05 -1.95897672e-06 2.76404498e-24
527000           1.18077945e-04 -2.11719768e-06 -6.13827332e-23 8.48001006e-05 1.26641634e-06 -6.98348814e-23 3.32778445e-05 -3.38361401e-06 8.45214824e-24
528000           9.28095321e-05 -8.88684563e-06 -4.94156829e-23 6.04977358e-05 -8.13544156e-06 -7.41707136e-23 3.23117963e-05 -7.51404068e-07 2.47550308e-23
529000           1.17274116e-04 8.79284633e-07 -2.82980225e-23 8.42733524e-05 -2.14083636e-06 -6.86335538e-23 3.30007639e-05 3.02012099e-06 4.03355313e-23
530000           1.06993471e-04 5.59842734e-07 -3.75229301e-23 7.41160007e-05 -1.98053400e-06 -6.49096704e-23 3.28774707e-05 2.54037673e-06 2.73867403e-23
531000           1.04170519e-04 2.56068896e-06 -6.29887998e-23 7.16568677e-05 4.04790982e-06 -6.77926047e-23 3.25136513e-05 -1.48722086e-06 4.80380494e-24
532000           1.20104827e-04 -3.24206794e-06 -6.42903075e-23 8.67807346e-05 2.13512147e-07 -6.76715271e-23 3.33240928e-05 -3.45558008e-06 3.38121956e-24
533000           9.43714462e-05 2.06416097e-06 -4.88122653e-23 6.19460005e-05 3.40792138e-06 -6.60902950e-23 3.24254457e-05 -1.34376041e-06 1.72780296e-23
534000           1.14486477e-04 6.78208945e-07 -2.96574187e-23 8.16130461e-05 -2.08192985e-06 -6.91747799e-23 3.28734308e-05 2.76013880e-06 3.95173612e-23
535000           1.11018254e-04 3.34212193e-06 -3.46321627e-23 7.79952303e-05 4.71641870e-07 -6.46976573e-23 3.30230235e-05 2.87048006e-06 3.00654946e-23
536000           9.98454102e-05 3.64140147e-06 -6.17239909e-23 6.74355837e-05 4.51965509e-06 -6.66526424e-23 3.24098265e-05 -8.78253620e-07 4.92865151e-24
537000           1.21121307e-04 -1.33636462e-06 -6.64922011e-23 8.78149557e-05 2.10194044e-06 -6.84673045e-23 3.33063509e-05 -3.43830506e-06 1.97510344e-24
538000           9.75948182e-05 1.50645313e-06 -4.78040656e-23 6.50132223e-05 3.37853531e-06 -6.41126391e-23 3.25815959e-05 -1.87208218e-06 1.63085735e-23
539000           1.10371347e-04 8.05069824e-07 -3.28352026e-23 7.76574025e-05 -1.55906540e-06 -7.00430802e-23 3.27139446e-05 2.36413522e-06 3.72078776e-23
540000           1.14706684e-04 -2.25578800e-06 -3.22968790e-23 8.15774067e-05 -5.36806706e-06 -6.32728248e-23 3.31292768e-05 3.11227906e-06 3.09759459e-23
541000           9.60583694e-05 2.50143666e-06 -6.06914382e-23 6.37326557e-05 2.72886086e-06 -7.13923062e-23 3.23257137e-05 -2.27424204e-07 1.07008680e-23
542000           1.20982138e-04 -5.02351278e-07 -6.68776825e-23 8.77423129e-05 2.83772612e-06 -6.74387366e-23 3.32398246e-05 -3.34007740e-06 5.61054033e-25
543000           1.01607440e-04 2.85572873e-08 -4.88413974e-23 6.88635585e-05 2.32042568e-06 -6.25039547e-23 3.27438820e-05 -2.29186839e-06 1.36625572e-23
544000           1.06002443e-04 3.09293663e-06 -3.71616274e-23 7.34390096e-05 1.16037030e-06 -7.41193475e-23 3.25634332e-05 1.93256633e-06 3.69577201e-23
545000           1.17244239e-04 1.73513905e-06 -3.12077381e-23 8.40442934e-05 -1.53076749e-06 -6.42994847e-23 3.31999454e-05 3.26590654e-06 3.30917466e-23
546000           9.45678982e-05 6.08150255e-06 -5.97075722e-23 6.22501497e-05 5.74177740e-06 -7.20914751e-23 3.23177485e-05 3.39725148e-07 1.23839028e-23
547000           1.19945249e-04 2.22334374e-09 -6.56892142e-23 8.67923183e-05 3.18765273e-06 -6.67397051e-23 3.31529303e-05 -3.18542938e-06 1.05049085e-24
548000           1.06270676e-04 -2.64423609e-06 -5.10027875e-23 7.33543890e-05 4.97530357e-09 -5.81056106e-23 3.29162872e-05 -2.64921139e-06 7.10282310e-24
549000           1.02014568e-04 -7.41353759e-06 -4.00489706e-23 6.95633118e-05 -8.84826098e-06 -7.57784364e-23 3.24512560e-05 1.43472338e-06 3.57294659e-23
550000           1.19182447e-04 1.57570131e-06 -2.97631592e-23 8.59369346e-05 -1.81515913e-06 -6.65202949e-23 3.32455122e-05 3.39086044e-06 3.67571357e-23
551000           9.51801588e-05 5.49260034e-06 -5.57045005e-23 6.27912130e-05 4.51439640e-06 -6.82634231e-23 3.23889458e-05 9.78203944e-07 1.25589226e-23
552000           1.17548028e-04 -1.68378199e-06 -6.48709210e-23 8.45320218e-05 1.23389109e-06 -6.54302930e-23 3.30160057e-05 -2.91767308e-06 5.59372027e-25
553000           1.10549077e-04 -1.07215851e-06 -5.39216378e-23 7.74863767e-05 1.87140681e-06 -5.88845288e-23 3.30626999e-05 -2.94356532e-06 4.96289094e-24
554000           9.77349028e-05 -1.07549196e-05 -4.42204353e-23 6.53976147e-05 -1.15539387e-05 -7.60571882e-23 3.23372880e-05 7.99019048e-07 3.18367529e-23
555000           1.20049424e-04 -2.41793027e-07 -2.84947269e-23 8.68212792e-05 -3.63429187e-06 -6.64308769e-23 3.32281450e-05 3.39249884e-06 3.79361500e-23
556000           9.71900316e-05 1.20315046e-06 -4.92529404e-23 6.46939937e-05 -3.31440719e-07 -7.00837076e-23 3.24960378e-05 1.53459118e-06 2.08307673e-23
557000           1.14083414e-04 -5.66080513e-06 -6.38892330e-23 8.12263399e-05 -3.07078488e-06 -6.69531212e-23 3.28570738e-05 -2.59002025e-06 3.06388816e-24
558000           1.13966737e-04 -2.48769458e-06 -5.61785710e-23 8.07946686e-05 6.75863735e-07 -6.48788887e-23 3.31720685e-05 -3.16355832e-06 8.70031770e-24
559000           9.45211490e-05 6.01355637e-06 -5.03937555e-23 6.22446205e-05 5.78412056e-06 -7.69260159e-23 3.22765285e-05 2.29435809e-07 2.65322604e-23
560000           1.19668471e-04 8.44037354e-07 -2.75788438e-23 8.65037472e-05 -2.46874899e-06 -6.95209130e-23 3.31647235e-05 3.31278635e-06 4.19420692e-23
561000           1.00819149e-04 -1.38460262e-07 -4.37183249e-23 6.81808076e-05 -2.10232053e-06 -6.72956932e-23 3.26383410e-05 1.96386027e-06 2.35773683e-23
562000           1.10570716e-04 -3.82922418e-06 -6.37908395e-23 7.78458591e-05 -1.60227442e-06 -6.62583662e-23 3.27248572e-05 -2.22694975e-06 2.46752666e-24
563000           1.17184555e-04 5.36443394e-07 -5.99553599e-23 8.39226695e-05 3.86787806e-06 -6.65637042e-23 3.32618853e-05 -3.33143467e-06 6.60834435e-24
564000           9.30712727e-05 -6.87403564e-06 -4.96649723e-23 6.07847957e-05 -6.48603423e-06 -7.59334686e-23 3.22864769e-05 -3.88001409e-07 2.62684963e-23
565000           1.18534835e-04 -1.01988011e-06 -2.74690025e-23 8.54617500e-05 -4.17964559e-06 -6.91627182e-23 3.30730848e-05 3.15976548e-06 4.16937158e-23
566000           1.04793982e-04 2.90282877e-06 -3.95585936e-23 7.19894997e-05 5.12576067e-07 -6.58989921e-23 3.28044827e-05 2.39025271e-06 2.63403986e-23
567000           1.05809974e-04 -6.15479802e-06 -6.25052866e-23 7.32398124e-05 -4.43088968e-06 -6.82946107e-23 3.25701617e-05 -1.72390834e-06 5.78932409e-24
568000           1.19192768e-04 -6.89368110e-08 -6.32038087e-23 8.58866316e-05 3.35880813e-06 -6.70585582e-23 3.33061367e-05 -3.42774495e-06 3.85474947e-24
569000           9.32307368e-05 -6.90429733e-06 -4.88352370e-23 6.08724126e-05 -5.81221127e-06 -7.13236499e-23 3.23583242e-05 -1.09208606e-06 2.24884129e-23
570000           1.15877260e-04 2.18389427e-06 -2.90789297e-23 8.29477165e-05 -7.01023812e-07 -7.05441123e-23 3.29295440e-05 2.88491809e-06 4.14651826e-23
571000           1.09202085e-04 2.04870818e-07 -3.56840453e-23 7.62480228e-05 -2.52253440e-06 -6.47579589e-23 3.29540617e-05 2.72740522e-06 2.90739136e-23
572000           1.01642409e-04 1.88573859e-06 -6.14324937e-23 6.91975917e-05 3.03919098e-06 -6.83179186e-23 3.24448175e-05 -1.15345239e-06 6.88542483e-24
573000           1.20704787e-04 -1.16449438e-06 -6.55601509e-23 8.73977628e-05 2.28319107e-06 -6.75764912e-23 3.33070238e-05 -3.44768545e-06 2.01634030e-24
574000           9.57485303e-05 2.32365124e-07 -4.79822140e-23 6.32542218e-05 1.84406623e-06 -6.62741642e-23 3.24943085e-05 -1.61170111e-06 1.82919503e-23
575000           1.12371862e-04 2.50081902e-06 -3.10106058e-23 7.95830115e-05 -8.15860314e-08 -7.15404045e-23 3.27888503e-05 2.58240505e-06 4.05297987e-23
576000           1.12533025e-04 1.07307056e-08 -3.30809606e-23 7.94648196e-05 -2.96941772e-06 -6.59399468e-23 3.30682051e-05 2.98014843e-06 3.28589861e-23
577000           9.81085341e-05 7.27854851e-06 -6.15068746e-23 6.57452903e-05 7.88089263e-06 -6.88780094e-23 3.23632438e-05 -6.02344121e-07 7.37113479e-24
578000           1.21384420e-04 -1.77881388e-06 -6.66778612e-23 8.80975814e-05 1.63112926e-06 -6.94846208e-23 3.32868389e-05 -3.40994314e-06 2.80675966e-24
579000           9.93798251e-05 -5.00680981e-06 -4.75167586e-23 6.67235509e-05 -2.92208058e-06 -6.37820196e-23 3.26562741e-05 -2.08472923e-06 1.62652610e-23
580000           1.08353841e-04 3.73833828e-06 -3.44879086e-23 7.57118252e-05 1.55435591e-06 -7.41698891e-23 3.26420161e-05 2.18398237e-06 3.96819806e-23
581000           1.16078575e-04 1.59882080e-06 -3.17632640e-23 8.29056274e-05 -1.61416281e-06 -6.43539400e-23 3.31729473e-05 3.21298362e-06 3.25906760e-23
582000           9.52625716e-05 3.18763984e-06 -6.05690644e-23 6.29395526e-05 3.11765808e-06 -7.00173631e-23 3.23230190e-05 6.99817566e-08 9.44829872e-24
583000           1.20244723e-04 1.29244980e-06 -6.62854013e-23 8.70519248e-05 4.56138273e-06 -7.19467401e-23 3.31927982e-05 -3.26893293e-06 5.66133876e-24
584000           1.03894765e-04 -3.96120167e-06 -4.93687239e-23 7.10640694e-05 -1.47293434e-06 -6.27769597e-23 3.28306953e-05 -2.48826733e-06 1.34082358e-23
585000           1.03862114e-04 4.25888556e-06 -3.92380632e-23 7.13671649e-05 2.59923596e-06 -7.43818118e-23 3.24949489e-05 1.65964961e-06 3.51437486e-23
586000           1.18231387e-04 -1.32573778e-06 -3.02617445e-23 8.50107169e-05 -4.66668716e-06 -6.65278998e-23 3.32206704e-05 3.34094938e-06 3.62661554e-23
587000           9.44308631e-05 3.73193744e-06 -5.70347853e-23 6.20918222e-05 3.02770536e-06 -7.24290899e-23 3.23390409e-05 7.04232081e-07 1.53943047e-23
588000           1.18636007e-04 1.51962072e-06 -6.56054855e-23 8.55643913e-05 4.56857101e-06 -6.71567862e-23 3.30716157e-05 -3.04895029e-06 1.55130068e-24
589000           1.08206561e-04 -3.18159019e-07 -5.22942613e-23 7.52227347e-05 2.48362864e-06 -6.21466936e-23 3.29838266e-05 -2.80178765e-06 9.85243227e-24
590000           9.96370771e-05 -8.28830002e-06 -4.20167228e-23 6.72477980e-05 -9.39858224e-06 -7.66631801e-23 3.23892791e-05 1.11028222e-06 3.46464573e-23
591000           1.19542674e-04 -6.06788694e-07 -2.88290591e-23 8.63065341e-05 -3.99177758e-06 -6.92872841e-23 3.32361399e-05 3.38498889e-06 4.04582250e-23
592000           9.58663582e-05 3.56319514e-06 -5.32779044e-23 6.34415468e-05 2.33917273e-06 -7.01698713e-23 3.24248114e-05 1.22402241e-06 1.68919669e-23
593000           1.16333299e-04 -5.06976123e-07 -6.49398977e-23 8.33824264e-05 2.28314220e-06 -6.46437489e-23 3.29508727e-05 -2.79011833e-06 -2.96148819e-25
594000           1.12024547e-04 -1.93512015e-06 -5.48369140e-23 7.89048111e-05 1.12811327e-06 -6.26839242e-23 3.31197357e-05 -3.06323342e-06 7.84701018e-24
595000           9.60016161e-05 6.59555152e-06 -4.82560510e-23 6.36960855e-05 6.03321655e-06 -7.67727614e-23 3.23055306e-05 5.62334965e-07 2.85167103e-23
596000           1.20218928e-04 -1.95143652e-06 -2.78879058e-23 8.70056777e-05 -5.32696769e-06 -6.64050330e-23 3.32132507e-05 3.37553117e-06 3.85171272e-23
597000           9.88590164e-05 1.28764952e-06 -4.67599239e-23 6.62893718e-05 -4.73088679e-07 -6.65773506e-23 3.25696446e-05 1.76073819e-06 1.98174266e-23
598000           1.12639549e-04 -1.47002952e-06 -6.43348305e-23 7.98438777e-05 9.42429631e-07 -6.44925987e-23 3.27956717e-05 -2.41245915e-06 1.57768223e-25
599000           1.15566407e-04 -1.38634713e-06 -5.83545807e-23 8.23462929e-05 1.87275185e-06 -6.42844831e-23 3.32201141e-05 -3.25909897e-06 5.92990239e-24
600000           9.35655470e-05 -7.32117836e-06 -5.01054618e-23 6.12785032e-05 -7.21605672e-06 -7.63993340e-23 3.22870438e-05 -1.05121631e-07 2.62938721e-23
