# Force         
# CofR          : (0.00000000e+00 0.00000000e+00 0.00000000e+00)
#
# Time          	total_x total_y total_z	pressure_x pressure_y pressure_z	viscous_x viscous_y viscous_z
1000             9.48558380e-06 1.35394916e-08 -1.09070640e-24 7.41262722e-07 1.47818948e-08 7.68976903e-25 8.74432108e-06 -1.24240321e-09 -1.85968330e-24
2000             7.13023945e-06 3.55443319e-09 -9.75162195e-25 5.69986784e-07 4.32623500e-09 4.24495462e-25 6.56025267e-06 -7.71801810e-10 -1.39965766e-24
3000             5.85268812e-06 3.03014309e-11 -8.75211640e-25 5.18582613e-07 3.02198641e-10 2.30835348e-25 5.33410550e-06 -2.71897210e-10 -1.10604699e-24
4000             5.06770125e-06 -5.54776375e-10 -8.01664123e-25 5.04518334e-07 -6.69759065e-10 1.06854628e-25 4.56318291e-06 1.14982690e-10 -9.08518751e-25
5000             4.55037069e-06 -5.83136036e-10 -7.48935429e-25 5.06964680e-07 -9.57612864e-10 2.08259777e-26 4.04340601e-06 3.74476828e-10 -7.69761407e-25
6000             4.18970286e-06 -3.65624073e-11 -7.09527124e-25 5.17377712e-07 -5.71702902e-10 -4.21097356e-26 3.67232515e-06 5.35140495e-10 -6.67417389e-25
7000             3.92604169e-06 2.73866894e-10 -6.78648189e-25 5.31505601e-07 -3.58201188e-10 -9.02253594e-26 3.39453609e-06 6.32068081e-10 -5.88422830e-25
8000             3.72430119e-06 3.72694622e-11 -6.51794312e-25 5.45993545e-07 -6.51456349e-10 -1.26943531e-25 3.17830764e-06 6.88725812e-10 -5.24850781e-25
9000             3.56558086e-06 3.77542332e-10 -6.27755330e-25 5.61020379e-07 -3.51668155e-10 -1.56214819e-25 3.00456049e-06 7.29210487e-10 -4.71540511e-25
10000            3.43647270e-06 5.74197845e-10 -6.05256260e-25 5.74991040e-07 -1.89295644e-10 -1.79480264e-25 2.86148166e-06 7.63493489e-10 -4.25775996e-25
11000            3.32853280e-06 8.04591765e-10 -5.83700000e-25 5.87364124e-07 1.88837645e-11 -1.97738102e-25 2.74116868e-06 7.85708001e-10 -3.85961898e-25
12000            3.23621839e-06 9.23846841e-10 -5.62881544e-25 5.97946288e-07 1.23754837e-10 -2.12055620e-25 2.63827210e-06 8.00092004e-10 -3.50825925e-25
13000            3.15558394e-06 1.00313607e-09 -5.42830165e-25 6.06578529e-07 1.91461187e-10 -2.23057447e-25 2.54900541e-06 8.11674879e-10 -3.19772718e-25
14000            3.08407798e-06 1.03292365e-09 -5.23709561e-25 6.13424038e-07 2.11835436e-10 -2.31448241e-25 2.47065394e-06 8.21088213e-10 -2.92261320e-25
15000            3.01974386e-06 1.18717782e-09 -5.05647668e-25 6.18552676e-07 3.58638603e-10 -2.37698780e-25 2.40119118e-06 8.28539220e-10 -2.67948888e-25
16000            2.96123520e-06 1.22406058e-09 -4.88584018e-25 6.22163014e-07 3.86134341e-10 -2.42172505e-25 2.33907218e-06 8.37926239e-10 -2.46411513e-25
17000            2.90755980e-06 1.35939415e-09 -4.72592358e-25 6.24456757e-07 5.13785455e-10 -2.45322408e-25 2.28310304e-06 8.45608695e-10 -2.27269950e-25
18000            2.85798187e-06 1.45246869e-09 -4.57544615e-25 6.25637980e-07 6.00214173e-10 -2.47388885e-25 2.23234389e-06 8.52254513e-10 -2.10155730e-25
19000            2.81188962e-06 1.51227717e-09 -4.43345354e-25 6.25848533e-07 6.51128784e-10 -2.48485302e-25 2.18604109e-06 8.61148388e-10 -1.94860052e-25
20000            2.76891890e-06 1.45521781e-09 -4.29894482e-25 6.25332109e-07 5.86027351e-10 -2.48933711e-25 2.14358679e-06 8.69190460e-10 -1.80960771e-25
21000            2.72869789e-06 1.40820491e-09 -4.17085400e-25 6.24212809e-07 5.30193254e-10 -2.48753728e-25 2.10448508e-06 8.78011655e-10 -1.68331672e-25
22000            2.69099215e-06 1.49125498e-09 -4.04917911e-25 6.22665334e-07 6.07548770e-10 -2.48243690e-25 2.06832681e-06 8.83706212e-10 -1.56674222e-25
23000            2.65552301e-06 1.42090919e-09 -3.93258244e-25 6.20753749e-07 5.30740590e-10 -2.47369849e-25 2.03476926e-06 8.90168601e-10 -1.45888394e-25
24000            2.62217628e-06 1.44631187e-09 -3.82085827e-25 6.18652203e-07 5.50528211e-10 -2.46377202e-25 2.00352408e-06 8.95783664e-10 -1.35708625e-25
25000            2.59068457e-06 1.46215875e-09 -3.71328374e-25 6.16339966e-07 5.61952255e-10 -2.45070033e-25 1.97434461e-06 9.00206500e-10 -1.26258341e-25
26000            2.56098458e-06 1.39394274e-09 -3.60939317e-25 6.13962292e-07 4.90450549e-10 -2.43711815e-25 1.94702229e-06 9.03492190e-10 -1.17227502e-25
27000            2.53290921e-06 1.40730123e-09 -3.50924034e-25 6.11533780e-07 5.01568628e-10 -2.42242280e-25 1.92137543e-06 9.05732600e-10 -1.08681754e-25
28000            2.50633089e-06 1.38828233e-09 -3.41239229e-25 6.09083517e-07 4.81017144e-10 -2.40731956e-25 1.89724737e-06 9.07265191e-10 -1.00507273e-25
29000            2.48114223e-06 1.39236460e-09 -3.31843370e-25 6.06641389e-07 4.84860596e-10 -2.39103033e-25 1.87450084e-06 9.07503999e-10 -9.27403371e-26
30000            2.45728368e-06 1.42871346e-09 -3.22724060e-25 6.04266815e-07 5.23424654e-10 -2.37519544e-25 1.85301687e-06 9.05288802e-10 -8.52045163e-26
31000            2.43465158e-06 1.43949555e-09 -3.13888178e-25 6.01962459e-07 5.38072240e-10 -2.35995792e-25 1.83268912e-06 9.01423306e-10 -7.78923860e-26
32000            2.41311672e-06 1.42285788e-09 -3.05295015e-25 5.99693670e-07 5.26730566e-10 -2.34360190e-25 1.81342305e-06 8.96127311e-10 -7.09348248e-26
33000            2.39264231e-06 1.41960226e-09 -2.96944292e-25 5.97506261e-07 5.29598600e-10 -2.32817375e-25 1.79513605e-06 8.90003655e-10 -6.41269172e-26
