# Moment        
# CofR          : (0.00000000e+00 0.00000000e+00 0.00000000e+00)
#
# Time          	total_x total_y total_z	pressure_x pressure_y pressure_z	viscous_x viscous_y viscous_z
1000             -1.35878479e-06 7.27823188e-06 1.23036597e-04 -1.35291040e-06 3.00209086e-06 1.23567924e-04 -5.87438580e-09 4.27614103e-06 -5.31327046e-07
2000             -6.89828066e-07 6.79522247e-06 9.41378080e-05 -6.90995076e-07 3.40344033e-06 9.44183122e-05 1.16701083e-09 3.39178214e-06 -2.80504214e-07
3000             -3.28269656e-09 5.49108470e-06 1.01050717e-05 -2.68638093e-08 2.64037911e-06 1.25807461e-05 2.35811127e-08 2.85070558e-06 -2.47567440e-06
4000             -3.80746892e-08 5.00618232e-06 1.32957013e-05 -8.65219270e-08 2.48840807e-06 1.84310130e-05 4.84472378e-08 2.51777425e-06 -5.13531173e-06
5000             -8.86291940e-08 4.71851439e-06 2.09857241e-05 -1.70055017e-07 2.42101923e-06 2.97167828e-05 8.14258225e-08 2.29749516e-06 -8.73105865e-06
6000             -2.20185020e-08 4.60527524e-06 1.11523076e-05 -1.34589105e-07 2.45944080e-06 2.33542383e-05 1.12570603e-07 2.14583444e-06 -1.22019307e-05
7000             -4.78395435e-08 4.43943669e-06 1.98957817e-05 -1.72329652e-07 2.40807150e-06 3.36231658e-05 1.24490109e-07 2.03136519e-06 -1.37273841e-05
8000             4.50194681e-08 4.09548775e-06 2.22768504e-05 -5.33872166e-08 2.16176395e-06 3.35296509e-05 9.84066847e-08 1.93372380e-06 -1.12528005e-05
9000             1.51341867e-07 3.86058907e-06 2.92552005e-05 1.38299250e-07 2.00708347e-06 3.17107998e-05 1.30426178e-08 1.85350560e-06 -2.45559938e-06
10000            1.75143018e-07 4.53411682e-06 4.83359999e-05 2.90331602e-07 2.70890599e-06 3.72003999e-05 -1.15188583e-07 1.82521083e-06 1.11356000e-05
11000            -3.63913468e-09 5.22399942e-06 9.37255942e-05 1.65131596e-07 3.39415512e-06 7.63090243e-05 -1.68770731e-07 1.82984430e-06 1.74165698e-05
12000            3.00643805e-08 4.89030209e-06 1.01727003e-04 9.53929680e-08 3.08294294e-06 9.43324843e-05 -6.53285875e-08 1.80735915e-06 7.39451819e-06
13000            8.93286488e-08 5.81667410e-06 1.30880727e-04 -1.56147497e-08 3.99192589e-06 1.41069576e-04 1.04943399e-07 1.82474821e-06 -1.01888491e-05
14000            1.05680701e-07 5.18405632e-06 1.76128290e-04 2.08069326e-08 3.39662740e-06 1.84628561e-04 8.48737684e-08 1.78742892e-06 -8.50027117e-06
15000            2.33509713e-08 4.90297990e-06 1.90865083e-04 8.72091914e-08 3.15951173e-06 1.84097253e-04 -6.38582201e-08 1.74346817e-06 6.76782943e-06
16000            5.55332823e-08 5.23602323e-06 1.87444790e-04 1.82522706e-07 3.49914496e-06 1.73769006e-04 -1.26989424e-07 1.73687828e-06 1.36757836e-05
17000            3.76107586e-07 4.64047383e-06 1.32919751e-04 4.24605538e-07 2.93939860e-06 1.26942578e-04 -4.84979520e-08 1.70107524e-06 5.97717298e-06
18000            -3.00132559e-08 5.25320914e-06 1.74433702e-04 -1.51974071e-07 3.55435384e-06 1.86210556e-04 1.21960815e-07 1.69885531e-06 -1.17768535e-05
19000            2.51934865e-07 5.70401110e-06 1.15874516e-04 9.31606320e-08 3.98191608e-06 1.32076196e-04 1.58774233e-07 1.72209502e-06 -1.62016801e-05
20000            4.29290936e-07 4.78206019e-06 5.38902349e-05 4.31457917e-07 3.10053433e-06 5.38506158e-05 -2.16698106e-09 1.68152586e-06 3.96191185e-08
21000            3.58154185e-07 5.87630491e-06 1.77485465e-05 5.11656548e-07 4.16251070e-06 1.73580812e-06 -1.53502363e-07 1.71379422e-06 1.60127384e-05
22000            7.84082849e-07 4.99097866e-06 -1.18918899e-04 8.70393129e-07 3.31179370e-06 -1.28498905e-04 -8.63102809e-08 1.67918496e-06 9.58000597e-06
23000            1.17592200e-06 5.36823084e-06 -2.25126643e-04 1.06651566e-06 3.69658758e-06 -2.14635657e-04 1.09406348e-07 1.67164326e-06 -1.04909859e-05
24000            1.43969106e-06 5.72412571e-06 -4.09650109e-04 1.27849213e-06 4.02850100e-06 -3.93367563e-04 1.61198925e-07 1.69562471e-06 -1.62825460e-05
25000            2.42301512e-06 4.61159809e-06 -7.52433919e-04 2.39465777e-06 2.95728503e-06 -7.49561196e-04 2.83573487e-08 1.65431307e-06 -2.87272254e-06
26000            2.35208556e-06 5.87206834e-06 -8.23410078e-04 2.50382634e-06 4.17746540e-06 -8.39373051e-04 -1.51740786e-07 1.69460293e-06 1.59629735e-05
27000            1.66073984e-06 5.29989167e-06 -6.01454438e-04 1.77949928e-06 3.60912916e-06 -6.14382109e-04 -1.18759444e-07 1.69076251e-06 1.29276709e-05
28000            6.79052029e-07 5.29646425e-06 -2.56918366e-04 5.95758352e-07 3.61683800e-06 -2.49021971e-04 8.32936770e-08 1.67962625e-06 -7.89639423e-06
29000            -2.26516232e-07 5.92918632e-06 8.71370768e-06 -3.93821984e-07 4.21947451e-06 2.58474551e-05 1.67305752e-07 1.70971181e-06 -1.71337474e-05
30000            -6.40294906e-07 4.67809318e-06 1.47006392e-04 -6.91576799e-07 3.02197376e-06 1.52682825e-04 5.12818935e-08 1.65611941e-06 -5.67643358e-06
31000            -7.77890780e-07 5.77944513e-06 2.11417294e-04 -6.32766877e-07 4.10218229e-06 1.96772449e-04 -1.45123902e-07 1.67726284e-06 1.46448452e-05
32000            -8.67093461e-07 5.42344434e-06 2.83237020e-04 -7.34949970e-07 3.74807998e-06 2.69499230e-04 -1.32143491e-07 1.67536437e-06 1.37377902e-05
33000            -1.03441644e-06 5.14289829e-06 3.55746503e-04 -1.09809026e-06 3.48999803e-06 3.61992648e-04 6.36738109e-08 1.65290025e-06 -6.24614561e-06
34000            -6.04317955e-07 6.04630801e-06 2.09409599e-04 -7.76203109e-07 4.35192205e-06 2.27239652e-04 1.71885154e-07 1.69438596e-06 -1.78300534e-05
35000            -7.45450983e-08 4.77442743e-06 5.02201070e-05 -1.50422215e-07 3.12471188e-06 5.86238885e-05 7.58771170e-08 1.64971556e-06 -8.40378151e-06
36000            -3.23098892e-07 5.66844548e-06 3.77472540e-05 -1.91275755e-07 4.00490395e-06 2.47292511e-05 -1.31823137e-07 1.66354153e-06 1.30180029e-05
37000            -1.43742607e-07 5.62623763e-06 3.19961460e-05 3.97929816e-09 3.95487230e-06 1.67723026e-05 -1.47721905e-07 1.67136533e-06 1.52238434e-05
38000            -1.05258321e-07 4.92111828e-06 5.29664707e-05 -1.38219593e-07 3.28809258e-06 5.60127870e-05 3.29612715e-08 1.63302571e-06 -3.04631638e-06
39000            3.19277310e-07 6.04801833e-06 -2.79873268e-05 1.48813296e-07 4.37163664e-06 -1.04605434e-05 1.70464014e-07 1.67638169e-06 -1.75267834e-05
40000            2.97228077e-07 4.95774047e-06 -6.56723745e-05 1.97300829e-07 3.31420616e-06 -5.49581067e-05 9.99272482e-08 1.64353431e-06 -1.07142678e-05
41000            6.05095476e-08 5.47074164e-06 -6.73098724e-05 1.73295321e-07 3.82605187e-06 -7.84994316e-05 -1.12785774e-07 1.64468976e-06 1.11895592e-05
42000            4.88838622e-08 5.77943215e-06 -1.59773042e-05 2.06708817e-07 4.11225875e-06 -3.23860373e-05 -1.57824955e-07 1.66717339e-06 1.64087331e-05
43000            -2.52458034e-07 4.79048555e-06 6.67390183e-05 -2.56839991e-07 3.16620499e-06 6.66366536e-05 4.38195738e-09 1.62428056e-06 1.02364762e-07
44000            4.77855834e-08 6.03611468e-06 1.16685857e-05 -1.17801305e-07 4.36837510e-06 2.83894771e-05 1.65586888e-07 1.66773958e-06 -1.67208913e-05
45000            2.09934085e-07 5.15220555e-06 -4.89713357e-05 8.94758247e-08 3.50645107e-06 -3.64094656e-05 1.20458260e-07 1.64575448e-06 -1.25618701e-05
46000            -1.99957323e-07 5.24886688e-06 -2.75493289e-05 -1.10193871e-07 3.61705763e-06 -3.65225839e-05 -8.97634526e-08 1.63180925e-06 8.97325500e-06
47000            -2.12578742e-08 5.90706654e-06 -3.48608862e-06 1.45215971e-07 4.24089420e-06 -2.08991431e-05 -1.66473845e-07 1.66617235e-06 1.74130545e-05
48000            -3.11044895e-07 4.73857980e-06 7.62280651e-05 -2.82546778e-07 3.11698317e-06 7.25997093e-05 -2.84981170e-08 1.62159662e-06 3.62835573e-06
49000            -1.22942227e-08 5.96111128e-06 3.95623846e-05 -1.67178316e-07 4.30176259e-06 5.49537633e-05 1.54884094e-07 1.65934870e-06 -1.53913787e-05
50000            -6.75560879e-08 5.36590677e-06 -2.51651767e-06 -2.05107314e-07 3.71453822e-06 1.16232430e-05 1.37551226e-07 1.65136855e-06 -1.41397607e-05
51000            4.45415056e-07 5.01774709e-06 -9.53746126e-05 5.06037656e-07 3.39427129e-06 -1.01444750e-04 -6.06226000e-08 1.62347580e-06 6.07013738e-06
52000            -6.16686144e-08 5.97805619e-06 3.59378994e-06 1.07866384e-07 4.31336377e-06 -1.41524330e-05 -1.69534999e-07 1.66469241e-06 1.77462229e-05
53000            -2.04553719e-08 4.78953343e-06 3.10622918e-05 3.83153019e-08 3.16634233e-06 2.42754172e-05 -5.87706738e-08 1.62319110e-06 6.78687451e-06
54000            2.60599630e-07 5.82230100e-06 9.68687411e-06 1.19934095e-07 4.17237532e-06 2.34763295e-05 1.40665535e-07 1.64992568e-06 -1.37894554e-05
55000            1.10270290e-07 5.57146874e-06 -1.19096066e-05 -4.05108073e-08 3.91505015e-06 3.47703042e-06 1.50781097e-07 1.65641859e-06 -1.53866370e-05
56000            5.48111162e-07 4.83222902e-06 -1.14495625e-04 5.79577837e-07 3.21487053e-06 -1.17596869e-04 -3.14666743e-08 1.61735850e-06 3.10124332e-06
57000            2.55077175e-08 5.99565019e-06 -1.34854930e-05 1.94121102e-07 4.33381640e-06 -3.11087429e-05 -1.68613384e-07 1.66183379e-06 1.76232499e-05
58000            8.34946580e-08 4.91788273e-06 4.85945449e-06 1.65789188e-07 3.28978654e-06 -4.34322536e-06 -8.22945301e-08 1.62809619e-06 9.20267986e-06
59000            8.82113495e-08 5.67440695e-06 3.37384051e-05 -3.71851176e-08 4.03203548e-06 4.58796916e-05 1.25396467e-07 1.64237147e-06 -1.21412865e-05
60000            1.14096521e-07 5.75204773e-06 -1.00932334e-05 -4.72452513e-08 4.09090079e-06 6.29023731e-06 1.61341772e-07 1.66114694e-06 -1.63834707e-05
61000            3.08217117e-07 4.70081464e-06 -7.10571361e-05 3.11148919e-07 3.08548726e-06 -7.12567654e-05 -2.93180231e-09 1.61532738e-06 1.99629329e-07
62000            -4.86258381e-08 5.97590243e-06 -9.58871459e-06 1.15664237e-07 4.31799143e-06 -2.67000343e-05 -1.64290075e-07 1.65791100e-06 1.71113198e-05
63000            1.53039484e-08 5.10523180e-06 1.58435176e-05 1.21157188e-07 3.46985062e-06 4.24020729e-06 -1.05853239e-07 1.63538118e-06 1.16033103e-05
64000            1.76789139e-07 5.45557615e-06 2.81624139e-05 7.36970340e-08 3.82156301e-06 3.79399291e-05 1.03092105e-07 1.63401314e-06 -9.77751524e-06
65000            1.65695653e-07 5.89503981e-06 -1.15179815e-05 -2.61749358e-09 4.23083206e-06 5.49092165e-06 1.68313147e-07 1.66420776e-06 -1.70089031e-05
66000            4.08193559e-07 4.64483361e-06 -8.59948179e-05 3.76075962e-07 3.02930582e-06 -8.26113803e-05 3.21175964e-08 1.61552779e-06 -3.38343764e-06
67000            5.90303646e-08 5.88243118e-06 -3.05926102e-05 2.12383030e-07 4.23122485e-06 -4.65081643e-05 -1.53352665e-07 1.65120633e-06 1.59155541e-05
68000            3.66801417e-08 5.30458809e-06 3.09222432e-06 1.62065117e-07 3.66192602e-06 -1.04740005e-05 -1.25384975e-07 1.64266207e-06 1.35662248e-05
69000            -3.29002097e-08 5.22467191e-06 5.28010831e-05 -1.09824169e-07 3.59832914e-06 5.98608283e-05 7.69239597e-08 1.62634277e-06 -7.05974515e-06
70000            1.80727204e-07 5.98399391e-06 -7.84990760e-06 8.79071583e-09 4.31848187e-06 9.45140794e-06 1.71936488e-07 1.66551203e-06 -1.73013155e-05
71000            1.28566199e-07 4.70096774e-06 -3.55406962e-05 6.56242510e-08 3.08109782e-06 -2.90199644e-05 6.29419484e-08 1.61986992e-06 -6.52073178e-06
72000            3.50762204e-09 5.74672611e-06 -3.16837173e-05 1.43795059e-07 4.10190313e-06 -4.61870605e-05 -1.40287437e-07 1.64482298e-06 1.45033431e-05
73000            -8.53671872e-08 5.52106498e-06 2.15468085e-05 5.54965936e-08 3.87122557e-06 6.44100585e-06 -1.40863781e-07 1.64983941e-06 1.51058026e-05
74000            -1.17725871e-08 5.02646694e-06 4.54392735e-05 -6.07008327e-08 3.40528486e-06 4.95949763e-05 4.89282455e-08 1.62118207e-06 -4.15570286e-06
75000            -2.70290688e-08 6.05340771e-06 2.03119402e-05 -1.99456376e-07 4.38779889e-06 3.75794886e-05 1.72427307e-07 1.66560883e-06 -1.72675485e-05
76000            1.16262560e-07 4.83308571e-06 -3.88552195e-05 2.66102354e-08 3.20562119e-06 -2.96348940e-05 8.96523250e-08 1.62746452e-06 -9.22032543e-06
77000            -1.98867239e-07 5.55702068e-06 -1.52512560e-05 -7.64433021e-08 3.91985749e-06 -2.78563111e-05 -1.22423937e-07 1.63716319e-06 1.26050551e-05
78000            -7.84994214e-08 5.70170965e-06 1.40976200e-05 7.56489029e-08 4.04577326e-06 -2.32144251e-06 -1.54148324e-07 1.65593640e-06 1.64190625e-05
79000            -2.01294750e-07 4.82764268e-06 7.36547798e-05 -2.17803620e-07 3.21082890e-06 7.44701434e-05 1.65088702e-08 1.61681378e-06 -8.15363607e-07
80000            5.59809449e-08 6.05891993e-06 1.63151598e-05 -1.12116254e-07 4.39612297e-06 3.30452947e-05 1.68097199e-07 1.66279696e-06 -1.67301349e-05
81000            1.07252808e-07 5.05290741e-06 -2.51654092e-05 -5.44123732e-09 3.41652122e-06 -1.36266483e-05 1.12694045e-07 1.63638619e-06 -1.15387609e-05
82000            -1.91411985e-07 5.32136585e-06 -1.89074559e-05 -9.29447086e-08 3.69253469e-06 -2.89964650e-05 -9.84672762e-08 1.62883116e-06 1.00890092e-05
83000            -6.61477718e-08 5.85012842e-06 8.24497841e-06 9.69640090e-08 4.19041106e-06 -9.02823371e-06 -1.63111781e-07 1.65971737e-06 1.72732121e-05
84000            -2.98174411e-07 4.73261129e-06 8.05200043e-05 -2.82327535e-07 3.11667389e-06 7.80295262e-05 -1.58468762e-08 1.61593740e-06 2.49047811e-06
85000            6.66549039e-08 5.99382209e-06 1.98112807e-05 -9.27287196e-08 4.33626094e-06 3.55648248e-05 1.59383624e-07 1.65756115e-06 -1.57535441e-05
86000            9.60165591e-08 5.29985958e-06 -2.21038763e-05 -3.49661921e-08 3.65476133e-06 -8.73402300e-06 1.30982751e-07 1.64509825e-06 -1.33698533e-05
87000            2.85923658e-07 5.13173031e-06 -7.07539719e-05 3.59749209e-07 3.50871051e-06 -7.82996206e-05 -7.38255512e-08 1.62301980e-06 7.54564863e-06
88000            2.68966229e-09 5.94850032e-06 -4.37001410e-06 1.71650296e-07 4.28665582e-06 -2.21814365e-05 -1.68960633e-07 1.66184450e-06 1.78114224e-05
89000            -2.86660683e-07 4.74872439e-06 6.91904730e-05 -2.40251612e-07 3.12988743e-06 6.35791383e-05 -4.64090708e-08 1.61883696e-06 5.61133464e-06
90000            1.12319962e-07 5.87836383e-06 2.25473374e-05 -3.46447461e-08 4.22732954e-06 3.69359888e-05 1.46964708e-07 1.65103429e-06 -1.43886514e-05
91000            1.17906547e-07 5.50003372e-06 -1.54545667e-05 -2.81317535e-08 3.84757173e-06 -5.98965707e-07 1.46038301e-07 1.65246199e-06 -1.48556010e-05
92000            5.31101386e-07 4.90122391e-06 -1.12374972e-04 5.73538131e-07 3.28405139e-06 -1.16666244e-04 -4.24367455e-08 1.61717252e-06 4.29127144e-06
93000            1.03407171e-08 6.00164776e-06 -1.10497823e-05 1.79931536e-07 4.34017767e-06 -2.88455566e-05 -1.69590818e-07 1.66147009e-06 1.77957743e-05
94000            -1.79322850e-07 4.84992320e-06 4.86175239e-05 -1.04874302e-07 3.22564182e-06 4.01644148e-05 -7.44485477e-08 1.62428138e-06 8.45310903e-06
95000            2.79118531e-07 5.71870537e-06 1.03315006e-05 1.48416359e-07 4.07540344e-06 2.29875136e-05 1.30702172e-07 1.64330193e-06 -1.26560131e-05
96000            9.90591334e-08 5.69064200e-06 -6.35936809e-06 -5.90782987e-08 4.03222656e-06 9.67978182e-06 1.58137432e-07 1.65841544e-06 -1.60391499e-05
97000            -3.02013689e-07 4.71869712e-06 -1.40526784e-06 -2.90083139e-07 3.10503877e-06 -2.52758319e-06 -1.19305497e-08 1.61365834e-06 1.12231536e-06
98000            9.15359715e-08 5.98965749e-06 -2.99439913e-05 2.57066349e-07 4.33141427e-06 -4.72408152e-05 -1.65530377e-07 1.65824322e-06 1.72968239e-05
99000            -4.55499873e-08 5.01898737e-06 2.24293550e-05 5.18104122e-08 3.38768604e-06 1.16674879e-05 -9.73603995e-08 1.63130133e-06 1.07618672e-05
100000           9.71028147e-08 5.52982744e-06 3.75954415e-05 -1.49063135e-08 3.89400890e-06 4.82934563e-05 1.12009128e-07 1.63581854e-06 -1.06980147e-05
101000           -9.08319808e-08 5.84294136e-06 1.74189484e-05 -2.57084205e-07 4.18034020e-06 3.42331621e-05 1.66252224e-07 1.66260116e-06 -1.68142137e-05
102000           4.40590416e-07 4.65424938e-06 -9.16408554e-05 4.22125792e-07 3.03979000e-06 -8.96717590e-05 1.84646244e-08 1.61445938e-06 -1.96909638e-06
103000           1.85661679e-08 5.93001661e-06 -2.16026248e-05 1.76785281e-07 4.27646803e-06 -3.80638683e-05 -1.58219113e-07 1.65354858e-06 1.64612434e-05
104000           -5.86397293e-08 5.23516410e-06 2.26925980e-05 6.03190202e-08 3.59531238e-06 9.75417429e-06 -1.18958750e-07 1.63985172e-06 1.29384237e-05
105000           3.07196168e-07 5.30621435e-06 1.22624741e-05 2.20317438e-07 3.67741708e-06 2.03282896e-05 8.68787305e-08 1.62879727e-06 -8.06581555e-06
106000           1.12822865e-07 5.96982698e-06 1.89207240e-08 -5.83431837e-08 4.30454806e-06 1.72536654e-05 1.71166049e-07 1.66527893e-06 -1.72347447e-05
107000           3.42915099e-07 4.65568115e-06 -6.73537401e-05 2.89228005e-07 3.03800875e-06 -6.17835301e-05 5.36870947e-08 1.61767240e-06 -5.57020999e-06
108000           -2.13639803e-07 5.79220410e-06 -3.38838932e-06 -6.90322073e-08 4.14572211e-06 -1.83568841e-05 -1.44607596e-07 1.64648200e-06 1.49684948e-05
109000           -1.60744033e-08 5.44059058e-06 1.11343973e-05 1.19824789e-07 3.79350374e-06 -3.48686564e-06 -1.35899192e-07 1.64708684e-06 1.46212630e-05
110000           -1.31792726e-07 5.08686081e-06 6.87240597e-05 -1.90252329e-07 3.46468305e-06 7.38607766e-05 5.84596028e-08 1.62217776e-06 -5.13671690e-06
111000           1.59226450e-07 6.02077546e-06 -5.28408703e-06 -1.30986191e-08 4.35545514e-06 1.20007500e-05 1.72325069e-07 1.66532032e-06 -1.72848370e-05
112000           -1.57819102e-07 4.77704271e-06 -2.49005295e-06 -2.38715292e-07 3.15309074e-06 5.85837858e-06 8.08961904e-08 1.62395197e-06 -8.34843153e-06
113000           -1.25348001e-07 5.62248280e-06 -2.28051336e-05 3.68283300e-09 3.98309301e-06 -3.61141084e-05 -1.29030834e-07 1.63938980e-06 1.33089749e-05
114000           -1.47663892e-07 5.63322213e-06 2.50390780e-05 7.06866793e-10 3.97985219e-06 9.19619628e-06 -1.48370759e-07 1.65336993e-06 1.58428818e-05
115000           -1.66083915e-07 4.89956410e-06 7.17156123e-05 -1.97361415e-07 3.28160578e-06 7.40558604e-05 3.12774999e-08 1.61795831e-06 -2.34024807e-06
116000           1.33083594e-08 6.07055797e-06 1.89057791e-05 -1.57338932e-07 4.40615644e-06 3.59441072e-05 1.70647292e-07 1.66440154e-06 -1.70383281e-05
117000           -6.21374835e-08 4.96209674e-06 1.05564922e-06 -1.65732095e-07 3.32959760e-06 1.16863740e-05 1.03594611e-07 1.63249914e-06 -1.06307248e-05
118000           -1.77159560e-07 5.42346373e-06 -2.06355083e-05 -6.72527392e-08 3.79124683e-06 -3.19245027e-05 -1.09906821e-07 1.63221690e-06 1.12889944e-05
119000           -8.81360509e-08 5.78954642e-06 7.93332536e-06 7.22985413e-08 4.13132776e-06 -9.09508170e-06 -1.60434592e-07 1.65821866e-06 1.70284071e-05
120000           -3.23771666e-07 4.76453794e-06 8.52502140e-05 -3.21232701e-07 3.14849467e-06 8.41124909e-05 -2.53896472e-09 1.61604328e-06 1.13772318e-06
121000           -4.80325196e-08 6.02828625e-06 3.31451009e-05 -2.11686111e-07 4.36818410e-06 4.93662120e-05 1.63653591e-07 1.66010214e-06 -1.62211111e-05
122000           4.68659467e-09 5.18657650e-06 -1.68211285e-05 -1.19134448e-07 3.54542681e-06 -4.17039546e-06 1.23821043e-07 1.64114969e-06 -1.26507330e-05
123000           -2.50643698e-07 5.18630168e-06 -1.42132063e-05 -1.66697335e-07 3.56171897e-06 -2.27941311e-05 -8.39463628e-08 1.62458272e-06 8.58092480e-06
124000           1.16407183e-08 5.90716190e-06 -1.98845803e-06 1.78562065e-07 4.24630855e-06 -1.96194478e-05 -1.66921347e-07 1.66085336e-06 1.76309897e-05
125000           -3.18760076e-07 4.73538463e-06 7.80027786e-05 -2.84579194e-07 3.11820750e-06 7.36390269e-05 -3.41808822e-08 1.61717714e-06 4.36375173e-06
126000           7.17924192e-08 5.93325744e-06 2.79681027e-05 -8.10632284e-08 4.27956455e-06 4.30047578e-05 1.52855648e-07 1.65369289e-06 -1.50366550e-05
127000           -5.23398302e-08 5.39546359e-06 -4.07905992e-06 -1.91964793e-07 3.74678288e-06 1.01479458e-05 1.39624963e-07 1.64868072e-06 -1.42270057e-05
128000           4.49460482e-07 4.99589315e-06 -9.51000634e-05 5.06820336e-07 3.37620756e-06 -1.00937568e-04 -5.73598537e-08 1.61968559e-06 5.83750489e-06
129000           8.52117941e-08 5.97615739e-06 -2.19785137e-05 2.54828912e-07 4.31439867e-06 -3.98223669e-05 -1.69617118e-07 1.66175872e-06 1.78438532e-05
130000           6.12444245e-10 4.79493641e-06 2.88689414e-05 6.12206415e-08 3.17390513e-06 2.18166635e-05 -6.06081973e-08 1.62103128e-06 7.05227788e-06
131000           2.67974061e-07 5.81247545e-06 9.05213824e-06 1.28178074e-07 4.16507674e-06 2.26763621e-05 1.39795987e-07 1.64739871e-06 -1.36242238e-05
132000           1.21355851e-07 5.60726002e-06 -1.61325622e-05 -3.13760544e-08 3.95173689e-06 -6.17146059e-07 1.52731906e-07 1.65552313e-06 -1.55154162e-05
133000           -2.48348480e-07 4.80729803e-06 -1.22111253e-05 -2.19338571e-07 3.19216759e-06 -1.50978639e-05 -2.90099095e-08 1.61513043e-06 2.88673852e-06
134000           1.45874219e-08 6.00080401e-06 -2.08649810e-05 1.83600923e-07 4.34039298e-06 -3.85615151e-05 -1.69013501e-07 1.66041103e-06 1.76965340e-05
135000           -1.44013002e-07 4.93802343e-06 4.32867531e-05 -5.64783591e-08 3.30986399e-06 3.35056027e-05 -8.75346425e-08 1.62815944e-06 9.78115035e-06
136000           8.95604917e-08 5.63483248e-06 3.35793637e-05 -3.15289972e-08 3.99506827e-06 4.52199312e-05 1.21089489e-07 1.63976421e-06 -1.16405674e-05
137000           1.25307516e-07 5.77717736e-06 -1.03317956e-05 -3.73591260e-08 4.11634805e-06 6.13291005e-06 1.62666642e-07 1.66082931e-06 -1.64647056e-05
138000           6.61040132e-07 4.67459272e-06 -1.22033071e-04 6.56737909e-07 3.06061072e-06 -1.21528640e-04 4.30222327e-09 1.61398200e-06 -5.04431067e-07
139000           -1.57125351e-08 5.95710135e-06 -1.60815129e-05 1.46330259e-07 4.30135645e-06 -3.29739449e-05 -1.62042794e-07 1.65574490e-06 1.68924321e-05
140000           -1.63888578e-07 5.13613438e-06 3.89034006e-05 -5.41307319e-08 3.50018459e-06 2.68895709e-05 -1.09757846e-07 1.63594979e-06 1.20138297e-05
141000           2.38588068e-07 5.41457179e-06 2.06764169e-05 1.39899471e-07 3.78264734e-06 2.99781014e-05 9.86885966e-08 1.63192445e-06 -9.30168448e-06
142000           3.92692119e-08 5.90206797e-06 7.04373974e-06 -1.29738978e-07 4.23821522e-06 2.40989019e-05 1.69008190e-07 1.66385275e-06 -1.70551622e-05
143000           2.19298978e-07 4.63545486e-06 -5.36182330e-05 1.83702487e-07 3.02020400e-06 -4.99019684e-05 3.55964908e-08 1.61525086e-06 -3.71626467e-06
144000           -1.19528894e-07 5.86102411e-06 -1.22333779e-05 3.23485517e-08 4.21108869e-06 -2.80001229e-05 -1.51877446e-07 1.64993542e-06 1.57667450e-05
145000           -9.41991139e-08 5.34099096e-06 2.41029591e-05 3.25074460e-08 3.69776908e-06 1.03951542e-05 -1.26706560e-07 1.64322187e-06 1.37078049e-05
146000           -1.45504996e-07 5.21119409e-06 6.92751584e-05 -2.20483711e-07 3.58548364e-06 7.61223723e-05 7.49787145e-08 1.62571044e-06 -6.84721387e-06
147000           4.42293189e-08 5.99498184e-06 9.02976223e-06 -1.28416536e-07 4.32900807e-06 2.63857069e-05 1.72645855e-07 1.66597377e-06 -1.73559447e-05
148000           7.56126550e-08 4.70895114e-06 -3.58854448e-05 9.39035270e-09 3.08816104e-06 -2.90444406e-05 6.62223023e-08 1.62079010e-06 -6.84100419e-06
149000           -4.12521811e-08 5.72799054e-06 -2.81272278e-05 9.72572125e-08 4.08431343e-06 -4.24455432e-05 -1.38509394e-07 1.64367711e-06 1.43183153e-05
150000           2.34311147e-08 5.54946773e-06 8.24927151e-06 1.66759272e-07 3.89872347e-06 -7.11682947e-06 -1.43328157e-07 1.65074425e-06 1.53661010e-05
151000           -1.63385618e-07 4.98637400e-06 6.94743099e-05 -2.07824714e-07 3.36618430e-06 7.31568402e-05 4.44390961e-08 1.62018969e-06 -3.68253029e-06
152000           6.42260705e-08 6.05805576e-06 1.00016784e-05 -1.07643566e-07 4.39293066e-06 2.71888388e-05 1.71869637e-07 1.66512510e-06 -1.71871604e-05
153000           -4.00123853e-09 4.87299410e-06 -2.03874125e-05 -9.70107711e-08 3.24428335e-06 -1.08373960e-05 9.30095325e-08 1.62871075e-06 -9.55001651e-06
154000           -4.26883258e-08 5.52244443e-06 -2.88034727e-05 7.60350015e-08 3.88671286e-06 -4.10250390e-05 -1.18723327e-07 1.63573157e-06 1.22215663e-05
155000           9.45259097e-09 5.72285381e-06 5.43426907e-06 1.64774415e-07 4.06675212e-06 -1.11013673e-05 -1.55321824e-07 1.65610168e-06 1.65356364e-05
156000           -1.53254733e-07 4.80584497e-06 6.76039373e-05 -1.65496354e-07 3.18963492e-06 6.79794879e-05 1.22416213e-08 1.61621006e-06 -3.75550537e-07
157000           1.05862603e-07 6.04895224e-06 1.15359638e-05 -6.13029409e-08 4.38699495e-06 2.81649797e-05 1.67165544e-07 1.66195729e-06 -1.66290160e-05
158000           1.65252272e-07 5.08206510e-06 -2.88774469e-05 5.11812715e-08 3.44486047e-06 -1.72021910e-05 1.14071001e-07 1.63720464e-06 -1.16752559e-05
159000           -1.59523532e-07 5.30646271e-06 -2.87981745e-05 -6.22237135e-08 3.67812681e-06 -3.87719454e-05 -9.72998188e-08 1.62833590e-06 9.97377084e-06
160000           -5.33963700e-08 5.85328493e-06 4.90661905e-06 1.09704380e-07 4.19335810e-06 -1.23643249e-05 -1.63100750e-07 1.65992683e-06 1.72709439e-05
161000           -2.46840736e-07 4.72709073e-06 6.84204057e-05 -2.30629998e-07 3.11126822e-06 6.58943972e-05 -1.62107377e-08 1.61582251e-06 2.52600851e-06
162000           -2.18308056e-09 5.99865280e-06 3.15150197e-05 -1.61691715e-07 4.34084040e-06 4.72793556e-05 1.59508635e-07 1.65781240e-06 -1.57643360e-05
163000           1.35202724e-07 5.30800895e-06 -2.53683974e-05 3.09136693e-09 3.66235750e-06 -1.18848096e-05 1.32111357e-07 1.64565145e-06 -1.34835878e-05
164000           3.69747550e-07 5.10484315e-06 -8.65619678e-05 4.42062448e-07 3.48217746e-06 -9.39482709e-05 -7.23148980e-08 1.62266569e-06 7.38630309e-06
165000           -8.00201207e-08 5.95721523e-06 3.94097232e-06 8.94611407e-08 4.29497241e-06 -1.39177966e-05 -1.69481261e-07 1.66224283e-06 1.78587689e-05
166000           -2.88548935e-07 4.75662536e-06 6.99285874e-05 -2.40171859e-07 3.13742503e-06 6.41154846e-05 -4.83770760e-08 1.61920033e-06 5.81310281e-06
167000           1.02728654e-07 5.87683867e-06 2.61238995e-05 -4.33979354e-08 4.22588324e-06 4.04184169e-05 1.46126589e-07 1.65095543e-06 -1.42945174e-05
168000           1.62585743e-08 5.50901183e-06 -2.87455526e-06 -1.30646892e-07 3.85615269e-06 1.20658262e-05 1.46905466e-07 1.65285914e-06 -1.49403815e-05
169000           5.42235194e-07 4.88455764e-06 -1.14499323e-04 5.82809579e-07 3.26750326e-06 -1.18602984e-04 -4.05743851e-08 1.61705438e-06 4.10366119e-06
170000           -4.75840638e-08 5.99824633e-06 -3.99088599e-06 1.22034294e-07 4.33680860e-06 -2.17862924e-05 -1.69618358e-07 1.66143772e-06 1.77954064e-05
171000           -1.65931472e-07 4.87393234e-06 4.68122355e-05 -8.97049957e-08 3.24875375e-06 3.81769673e-05 -7.62264758e-08 1.62517859e-06 8.63526819e-06
172000           1.15782968e-07 5.71316766e-06 3.03280851e-05 -1.40385158e-08 4.07011852e-06 4.28956294e-05 1.29821484e-07 1.64304914e-06 -1.25675443e-05
173000           1.64464023e-07 5.70207213e-06 -1.89638184e-05 6.50206495e-09 4.04359911e-06 -2.94413362e-06 1.57961958e-07 1.65847302e-06 -1.60196848e-05
174000           -3.65259647e-07 4.72127742e-06 8.94657879e-06 -3.54080700e-07 3.10764785e-06 7.90367989e-06 -1.11789476e-08 1.61362957e-06 1.04289890e-06
175000           2.63666702e-09 5.98429477e-06 -1.81385544e-05 1.67985266e-07 4.32601210e-06 -3.54150273e-05 -1.65348599e-07 1.65828268e-06 1.72764730e-05
176000           -1.70682905e-07 5.02695537e-06 4.21760767e-05 -7.31986941e-08 3.39527183e-06 3.14049410e-05 -9.74842109e-08 1.63168353e-06 1.07711356e-05
177000           1.29735382e-07 5.54402584e-06 3.06449432e-05 1.77199804e-08 3.90761295e-06 4.13465610e-05 1.12015402e-07 1.63641288e-06 -1.07016179e-05
178000           -1.49963596e-07 5.84926347e-06 3.08256651e-05 -3.16457191e-07 4.18622874e-06 4.76651607e-05 1.66493594e-07 1.66303473e-06 -1.68394956e-05
179000           4.62407950e-07 4.64149236e-06 -9.59346451e-05 4.43562731e-07 3.02705727e-06 -9.39257453e-05 1.88452192e-08 1.61443509e-06 -2.00889978e-06
180000           -6.83717018e-09 5.92770625e-06 -1.73456585e-05 1.51383813e-07 4.27384878e-06 -3.38038309e-05 -1.58220984e-07 1.65385747e-06 1.64581724e-05
181000           -5.27951275e-08 5.23933775e-06 2.25475559e-05 6.64815716e-08 3.59908704e-06 9.57805295e-06 -1.19276699e-07 1.64025070e-06 1.29695030e-05
182000           3.19105480e-07 5.30694597e-06 9.94649790e-06 2.32459835e-07 3.67801032e-06 1.79865586e-05 8.66456450e-08 1.62893565e-06 -8.04006066e-06
183000           -7.15675573e-08 5.96301339e-06 2.14629872e-05 -2.42857544e-07 4.29764018e-06 3.87115730e-05 1.71289987e-07 1.66537321e-06 -1.72485858e-05
184000           1.20694498e-07 4.67006376e-06 -3.62482717e-05 6.66988363e-08 3.05211202e-06 -3.06453557e-05 5.39956612e-08 1.61795175e-06 -5.60291600e-06
185000           -1.52963054e-07 5.79233707e-06 -1.27981446e-05 -8.42904180e-09 4.14579140e-06 -2.77586984e-05 -1.44534012e-07 1.64654567e-06 1.49605538e-05
186000           1.26579402e-07 5.45331735e-06 -6.70721379e-06 2.62793017e-07 3.80589962e-06 -2.13627051e-05 -1.36213615e-07 1.64741773e-06 1.46554914e-05
187000           -1.43772868e-07 5.08787368e-06 7.24721617e-05 -2.01854196e-07 3.46535023e-06 7.75703276e-05 5.80813278e-08 1.62252345e-06 -5.09816592e-06
188000           1.90492920e-07 6.03698935e-06 -5.23597562e-06 1.81041709e-08 4.37151446e-06 1.20523596e-05 1.72388749e-07 1.66547489e-06 -1.72883353e-05
189000           2.96146199e-07 4.77685476e-06 -5.65938177e-05 2.15912699e-07 3.15256630e-06 -4.83358474e-05 8.02334999e-08 1.62428846e-06 -8.25797028e-06
190000           2.73304511e-08 5.62744182e-06 -4.42903459e-05 1.56793828e-07 3.98783223e-06 -5.76520997e-05 -1.29463377e-07 1.63960960e-06 1.33617538e-05
191000           -3.05711580e-09 5.62620309e-06 6.27760737e-06 1.45844278e-07 3.97290309e-06 -9.62967994e-06 -1.48901394e-07 1.65330000e-06 1.59072873e-05
192000           -1.61348424e-07 4.90419212e-06 6.58412593e-05 -1.91794190e-07 3.28591823e-06 6.80911892e-05 3.04457664e-08 1.61827390e-06 -2.24992989e-06
193000           2.36356681e-07 6.05041743e-06 -6.91857253e-06 6.57924979e-08 4.38632256e-06 1.01002309e-05 1.70564183e-07 1.66409487e-06 -1.70188034e-05
194000           1.19515482e-07 4.97341394e-06 -2.68116814e-05 1.56010219e-08 3.34085429e-06 -1.61571537e-05 1.03914460e-07 1.63255965e-06 -1.06545276e-05
195000           -1.90878076e-07 5.42356722e-06 -1.85093424e-05 -8.13133492e-08 3.79129832e-06 -2.97657237e-05 -1.09564727e-07 1.63226890e-06 1.12563812e-05
196000           -7.68339786e-08 5.80096599e-06 1.15165168e-05 8.36543488e-08 4.14238075e-06 -5.51767353e-06 -1.60488327e-07 1.65858525e-06 1.70341903e-05
197000           -1.58569614e-07 4.76405056e-06 5.99369974e-05 -1.55569659e-07 3.14791377e-06 5.87500301e-05 -2.99995486e-09 1.61613679e-06 1.18696731e-06
198000           4.76290167e-08 6.02343607e-06 2.08048086e-05 -1.15970987e-07 4.36343649e-06 3.70146957e-05 1.63600003e-07 1.65999958e-06 -1.62098871e-05
199000           1.42191321e-07 5.19392203e-06 -3.27144489e-05 1.79941417e-08 3.55228822e-06 -2.00268664e-05 1.24197179e-07 1.64163381e-06 -1.26875826e-05
200000           -2.06701993e-07 5.19579241e-06 -2.05632536e-05 -1.23342937e-07 3.57078418e-06 -2.90841227e-05 -8.33590560e-08 1.62500823e-06 8.52086913e-06
201000           -1.04616699e-08 5.92682866e-06 -7.19218314e-06 1.56472176e-07 4.26540013e-06 -2.48228151e-05 -1.66933846e-07 1.66142853e-06 1.76306320e-05
202000           -2.15580254e-07 4.72741834e-06 6.97454198e-05 -1.80767182e-07 3.11038552e-06 6.53158226e-05 -3.48130719e-08 1.61703282e-06 4.42959721e-06
203000           6.81142719e-08 5.93456659e-06 2.43379696e-05 -8.45079922e-08 4.28084079e-06 3.93514325e-05 1.52622264e-07 1.65372580e-06 -1.50134628e-05
204000           1.82273756e-08 5.40967442e-06 -8.92539341e-06 -1.21639191e-07 3.76052588e-06 5.32665306e-06 1.39866567e-07 1.64914854e-06 -1.42520465e-05
205000           3.72247648e-07 4.98759997e-06 -8.69462842e-05 4.29077787e-07 3.36801897e-06 -9.27238393e-05 -5.68301394e-08 1.61958100e-06 5.77755508e-06
206000           4.53176732e-08 5.97549757e-06 -1.20848113e-05 2.14908285e-07 4.31379568e-06 -2.99230019e-05 -1.69590612e-07 1.66170189e-06 1.78381906e-05
207000           -1.78279538e-07 4.79215671e-06 5.90266121e-05 -1.17227642e-07 3.17103883e-06 5.19327661e-05 -6.10518955e-08 1.62111789e-06 7.09384601e-06
208000           1.38403630e-08 5.81703119e-06 3.74161128e-05 -1.25755647e-07 4.16946467e-06 5.10231655e-05 1.39596010e-07 1.64756652e-06 -1.36070528e-05
209000           1.57210014e-08 5.59831966e-06 4.82513949e-06 -1.37245965e-07 3.94249386e-06 2.03647121e-05 1.52966966e-07 1.65582580e-06 -1.55395726e-05
210000           -2.48440350e-07 4.80632871e-06 -1.17468462e-05 -2.20006744e-07 3.19088469e-06 -1.45740194e-05 -2.84336061e-08 1.61544402e-06 2.82717323e-06
211000           5.15312886e-08 6.00093672e-06 -1.71715310e-05 2.20431104e-07 4.34064823e-06 -3.48567389e-05 -1.68899815e-07 1.66028848e-06 1.76852079e-05
212000           -3.82681228e-08 4.94139780e-06 2.62181473e-05 4.96418501e-08 3.31296423e-06 1.63989320e-05 -8.79099729e-08 1.62843358e-06 9.81921528e-06
213000           9.04718082e-08 5.63101982e-06 3.37814824e-05 -3.02481842e-08 3.99127563e-06 4.53843161e-05 1.20719992e-07 1.63974420e-06 -1.16028337e-05
214000           1.25796374e-07 5.78096506e-06 -1.02694323e-05 -3.69952357e-08 4.11994721e-06 6.20827441e-06 1.62791610e-07 1.66101785e-06 -1.64777067e-05
215000           3.58907244e-07 4.67479024e-06 -7.35554097e-05 3.54837359e-07 3.06067560e-06 -7.30736055e-05 4.06988415e-09 1.61411464e-06 -4.81804226e-07
216000           -4.75371025e-08 5.95016710e-06 -1.30273491e-05 1.14723852e-07 4.29455567e-06 -2.99397987e-05 -1.62260954e-07 1.65561143e-06 1.69124496e-05
217000           -2.33016135e-08 5.14697928e-06 2.16901229e-05 8.75681043e-08 3.51050290e-06 9.55786969e-06 -1.10869718e-07 1.63647637e-06 1.21322533e-05
218000           3.13615167e-07 5.38682496e-06 1.11090087e-05 2.16174669e-07 3.75555680e-06 2.02760645e-05 9.74404975e-08 1.63126816e-06 -9.16705576e-06
219000           -1.63868930e-08 5.91221741e-06 1.06809021e-05 -1.85439467e-07 4.24821820e-06 2.77363505e-05 1.69052574e-07 1.66399921e-06 -1.70554484e-05
220000           4.08937232e-07 4.63372259e-06 -7.95127152e-05 3.71407814e-07 3.01839739e-06 -7.55961390e-05 3.75294180e-08 1.61532520e-06 -3.91657617e-06
221000           -1.94618846e-07 5.85482512e-06 -4.73850057e-06 -4.37131411e-08 4.20516203e-06 -2.03979315e-05 -1.50905705e-07 1.64966308e-06 1.56594309e-05
222000           -9.77694377e-08 5.34590975e-06 2.69977184e-05 2.91177422e-08 3.70251653e-06 1.32758324e-05 -1.26887180e-07 1.64339321e-06 1.37218859e-05
223000           -8.37504433e-08 5.20790051e-06 6.48802167e-05 -1.58136500e-07 3.58233505e-06 7.16699508e-05 7.43860566e-08 1.62556546e-06 -6.78973412e-06
224000           1.09571043e-07 6.00504184e-06 3.99013682e-06 -6.32153524e-08 4.33931402e-06 2.13625720e-05 1.72786395e-07 1.66572782e-06 -1.73724352e-05
225000           1.25518207e-07 4.71128931e-06 -3.49930610e-05 5.83746885e-08 3.09037642e-06 -2.80533383e-05 6.71435188e-08 1.62091289e-06 -6.93972270e-06
226000           -1.35365992e-07 5.71682865e-06 -2.02712985e-05 2.60211443e-09 4.07337171e-06 -3.45256285e-05 -1.37968107e-07 1.64345695e-06 1.42543299e-05
227000           -1.94291563e-08 5.55090712e-06 8.45954523e-06 1.23939078e-07 3.89982729e-06 -6.90176054e-06 -1.43368234e-07 1.65107982e-06 1.53613058e-05
228000           2.69773633e-08 4.99402014e-06 4.15508732e-05 -1.72298670e-08 3.37355793e-06 4.52129504e-05 4.42072303e-08 1.62046220e-06 -3.66207729e-06
229000           1.22408165e-07 6.04564210e-06 2.93383153e-06 -4.94960935e-08 4.38068187e-06 2.01275970e-05 1.71904258e-07 1.66496023e-06 -1.71937654e-05
230000           1.11773599e-07 4.87828307e-06 -2.61423492e-05 1.83412451e-08 3.24971905e-06 -1.65458732e-05 9.34323535e-08 1.62856402e-06 -9.59647599e-06
231000           -1.96266663e-07 5.52170006e-06 -1.55512371e-05 -7.78635065e-08 3.88629534e-06 -2.77308638e-05 -1.18403156e-07 1.63540472e-06 1.21796267e-05
232000           -6.58634634e-08 5.72981479e-06 1.19849347e-05 8.96776823e-08 4.07351421e-06 -4.56678272e-06 -1.55541146e-07 1.65630058e-06 1.65517174e-05
233000           3.13021121e-08 4.80199663e-06 3.95655357e-05 1.96280929e-08 3.18592121e-06 3.98832447e-05 1.16740193e-08 1.61607541e-06 -3.17708976e-07
234000           1.22879599e-07 6.03673227e-06 1.05743822e-05 -4.42028606e-08 4.37497706e-06 2.71949629e-05 1.67082459e-07 1.66175521e-06 -1.66205807e-05
235000           1.07589952e-07 5.08428063e-06 -2.43834261e-05 -6.84355280e-09 3.44686629e-06 -1.26674373e-05 1.14433505e-07 1.63741434e-06 -1.17159888e-05
236000           -2.54855197e-07 5.30562455e-06 -1.19458399e-05 -1.57300826e-07 3.67734669e-06 -2.19448849e-05 -9.75543706e-08 1.62827786e-06 9.99904496e-06
237000           -7.44246286e-08 5.85544412e-06 2.70244711e-06 8.90889198e-08 4.19569813e-06 -1.46107690e-05 -1.63513548e-07 1.65974599e-06 1.73132161e-05
238000           -2.09405403e-07 4.72745315e-06 7.21927474e-05 -1.92456508e-07 3.11165215e-06 6.95897222e-05 -1.69488951e-08 1.61580100e-06 2.60302522e-06
239000           5.16754336e-08 5.99633891e-06 2.28384051e-05 -1.07582176e-07 4.33874373e-06 3.85745240e-05 1.59257610e-07 1.65759518e-06 -1.57361190e-05
240000           1.44060358e-07 5.31197986e-06 -2.60553005e-05 1.17356738e-08 3.66624857e-06 -1.25516537e-05 1.32324684e-07 1.64573129e-06 -1.35036469e-05
241000           3.70741674e-07 5.10205948e-06 -8.65728348e-05 4.42650111e-07 3.47947276e-06 -9.39179906e-05 -7.19084377e-08 1.62258672e-06 7.34515581e-06
242000           -7.93853402e-08 5.95745715e-06 3.74577588e-06 9.00554334e-08 4.29524739e-06 -1.41084729e-05 -1.69440774e-07 1.66220976e-06 1.78542488e-05
243000           -1.76185910e-07 4.76417057e-06 6.07778964e-05 -1.27459424e-07 3.14469326e-06 5.49284018e-05 -4.87264856e-08 1.61947731e-06 5.84949461e-06
244000           7.01174754e-08 5.87199317e-06 3.07924464e-05 -7.58245452e-08 4.22136883e-06 4.50673051e-05 1.45942021e-07 1.65062434e-06 -1.42748587e-05
245000           1.14459254e-08 5.51050175e-06 -3.57813110e-06 -1.35665846e-07 3.85770263e-06 1.13830053e-05 1.47111772e-07 1.65279912e-06 -1.49611364e-05
246000           5.44001715e-07 4.88223118e-06 -1.14760682e-04 5.84157271e-07 3.26528664e-06 -1.18820253e-04 -4.01555558e-08 1.61694454e-06 4.05957105e-06
247000           -4.23735924e-08 5.99911385e-06 -4.66806538e-06 1.27203207e-07 4.33773613e-06 -2.24576184e-05 -1.69576799e-07 1.66137772e-06 1.77895530e-05
248000           -2.08501516e-07 4.86884093e-06 5.28764110e-05 -1.31984331e-07 3.24381331e-06 4.42122000e-05 -7.65171850e-08 1.62502761e-06 8.66421103e-06
249000           1.42450809e-07 5.70851116e-06 2.85641634e-05 1.28751641e-08 4.06560994e-06 4.11040148e-05 1.29575645e-07 1.64290122e-06 -1.25398514e-05
250000           5.14322283e-08 5.68502929e-06 -4.74825907e-06 -1.06716696e-07 4.02650326e-06 1.12895402e-05 1.58148925e-07 1.65852602e-06 -1.60377993e-05
251000           -3.06253106e-07 4.71750750e-06 -1.09063475e-06 -2.95605022e-07 3.10390829e-06 -2.08026917e-06 -1.06480845e-08 1.61359920e-06 9.89634414e-07
252000           -8.47192933e-08 5.98830133e-06 -4.84012100e-07 8.05341964e-08 4.32991785e-06 -1.77481912e-05 -1.65253490e-07 1.65838348e-06 1.72641791e-05
253000           3.22384670e-08 5.03775138e-06 1.19210371e-05 1.30095857e-07 3.40563109e-06 1.10880975e-06 -9.78573896e-08 1.63212029e-06 1.08122273e-05
254000           1.37210732e-07 5.54157152e-06 3.14945777e-05 2.55799739e-08 3.90523906e-06 4.21541232e-05 1.11630758e-07 1.63633246e-06 -1.06595455e-05
255000           6.35933964e-08 5.85813561e-06 1.66608980e-06 -1.03029593e-07 4.19511507e-06 1.85156908e-05 1.66622989e-07 1.66302053e-06 -1.68496010e-05
256000           3.29826147e-07 4.64473326e-06 -7.21427908e-05 3.10546877e-07 3.03045095e-06 -7.00914526e-05 1.92792696e-08 1.61428231e-06 -2.05133822e-06
257000           1.20513701e-07 5.93057601e-06 -4.33753454e-05 2.78620098e-07 4.27669221e-06 -5.98218291e-05 -1.58106397e-07 1.65388381e-06 1.64464837e-05
258000           -5.15531499e-08 5.24672437e-06 2.10637450e-05 6.79173092e-08 3.60644123e-06 8.07534020e-06 -1.19470459e-07 1.64028315e-06 1.29884048e-05
259000           2.51227795e-07 5.31080343e-06 1.94776875e-05 1.64854806e-07 3.68181908e-06 2.74944123e-05 8.63729892e-08 1.62898435e-06 -8.01672482e-06
260000           3.34683613e-08 5.95928568e-06 1.07368476e-05 -1.37871794e-07 4.29392450e-06 2.79884311e-05 1.71340155e-07 1.66536118e-06 -1.72515835e-05
261000           3.12158097e-07 4.66941066e-06 -6.27215288e-05 2.57756441e-07 3.05128378e-06 -5.70791364e-05 5.44016557e-08 1.61812687e-06 -5.64239245e-06
262000           -1.13840129e-07 5.79459158e-06 -1.51722081e-05 3.04976442e-08 4.14810692e-06 -3.01137593e-05 -1.44337773e-07 1.64648466e-06 1.49415512e-05
263000           -5.37689612e-08 5.44649121e-06 1.61086714e-05 8.26427358e-08 3.79896084e-06 1.43520688e-06 -1.36411697e-07 1.64753037e-06 1.46734645e-05
264000           6.63484645e-08 5.08630479e-06 3.90271345e-05 8.65235023e-09 3.46365456e-06 4.40811414e-05 5.76961143e-08 1.62265023e-06 -5.05400690e-06
265000           -1.08007853e-08 6.02923599e-06 1.84978270e-05 -1.83170458e-07 4.36403979e-06 3.57846126e-05 1.72369673e-07 1.66519620e-06 -1.72867856e-05
266000           1.09998474e-07 4.79200949e-06 -3.54107917e-05 2.94206730e-08 3.16725146e-06 -2.71133928e-05 8.05778007e-08 1.62475803e-06 -8.29739890e-06
267000           -1.75043626e-07 5.62751582e-06 -1.64342140e-05 -4.58535350e-08 3.98803327e-06 -2.97633926e-05 -1.29190091e-07 1.63948255e-06 1.33291786e-05
268000           9.78222065e-08 5.63027499e-06 -8.63045239e-06 2.46842479e-07 3.97702306e-06 -2.45493058e-05 -1.49020273e-07 1.65325193e-06 1.59188535e-05
269000           -3.44113407e-07 4.90374780e-06 9.19733715e-05 -3.74300553e-07 3.28567039e-06 9.42007292e-05 3.01871461e-08 1.61807741e-06 -2.22735768e-06
270000           2.70669349e-09 6.07010655e-06 2.05182390e-05 -1.67787555e-07 4.40569931e-06 3.75327235e-05 1.70494249e-07 1.66440724e-06 -1.70144844e-05
271000           9.63371814e-08 4.96401988e-06 -3.07558620e-05 -7.83497226e-09 3.33133933e-06 -2.00731149e-05 1.04172154e-07 1.63268054e-06 -1.06827471e-05
272000           -2.09579843e-07 5.42283658e-06 -1.83541554e-05 -1.00245358e-07 3.79049233e-06 -2.95852928e-05 -1.09334485e-07 1.63234425e-06 1.12311375e-05
273000           -7.72817985e-08 5.80257116e-06 9.46035559e-06 8.33015176e-08 4.14400888e-06 -7.58291334e-06 -1.60583316e-07 1.65856228e-06 1.70432689e-05
274000           -2.96384612e-07 4.75483972e-06 8.27220421e-05 -2.93109211e-07 3.13892476e-06 8.15094977e-05 -3.27540090e-09 1.61591496e-06 1.21254433e-06
275000           8.81734367e-09 6.02720862e-06 2.82322473e-05 -1.54640668e-07 4.36719211e-06 4.44301558e-05 1.63458011e-07 1.66001651e-06 -1.61979085e-05
276000           4.89451951e-08 5.19033740e-06 -2.24938731e-05 -7.53786579e-08 3.54886750e-06 -9.79367350e-06 1.24323853e-07 1.64146990e-06 -1.27001996e-05
277000           -1.95682812e-07 5.19767290e-06 -2.19741842e-05 -1.12079313e-07 3.57280577e-06 -3.05184005e-05 -8.36034989e-08 1.62486713e-06 8.54421633e-06
278000           -2.96881420e-08 5.91897782e-06 6.32647854e-07 1.37811007e-07 4.25779839e-06 -1.70558275e-05 -1.67499149e-07 1.66117943e-06 1.76884754e-05
279000           -2.42996550e-07 4.72591323e-06 6.42236365e-05 -2.06945486e-07 3.10871047e-06 5.96626677e-05 -3.60510644e-08 1.61720276e-06 4.56096881e-06
280000           -9.83946025e-08 5.92061200e-06 4.34695632e-05 -2.50455044e-07 4.26722347e-06 5.84208726e-05 1.52060441e-07 1.65338853e-06 -1.49513095e-05
281000           -1.41467338e-07 5.42152262e-06 1.67319222e-05 -2.81604906e-07 3.77221420e-06 3.10070767e-05 1.40137568e-07 1.64930842e-06 -1.42751546e-05
282000           6.67197093e-07 4.98547325e-06 -1.27722575e-04 7.22514349e-07 3.36627117e-06 -1.33349434e-04 -5.53172560e-08 1.61920208e-06 5.62685886e-06
283000           -2.08916679e-09 5.98490818e-06 -6.06369843e-06 1.67080843e-07 4.32300474e-06 -2.38542807e-05 -1.69170009e-07 1.66190344e-06 1.77905823e-05
284000           6.42936297e-08 4.78610846e-06 1.31141586e-05 1.25699963e-07 3.16490044e-06 5.98441590e-06 -6.14063330e-08 1.62120802e-06 7.12974275e-06
285000           1.44541843e-07 5.80565997e-06 2.50219718e-05 5.24812487e-09 4.15858296e-06 3.85968521e-05 1.39293718e-07 1.64707701e-06 -1.35748802e-05
286000           1.06840860e-07 5.60265940e-06 -1.62222164e-05 -4.64450033e-08 3.94673086e-06 -6.48546713e-07 1.53285863e-07 1.65592854e-06 -1.55736697e-05
287000           -3.30622684e-07 4.79814228e-06 9.68183071e-07 -3.02853340e-07 3.18295461e-06 -1.78672443e-06 -2.77693441e-08 1.61518766e-06 2.75490751e-06
288000           -4.04159745e-08 6.00402962e-06 -8.93064790e-06 1.28244936e-07 4.34357673e-06 -2.65866468e-05 -1.68660910e-07 1.66045289e-06 1.76559989e-05
289000           -1.81707572e-07 4.94596519e-06 4.54080030e-05 -9.35550793e-08 3.31743322e-06 3.55668036e-05 -8.81524930e-08 1.62853197e-06 9.84119941e-06
290000           1.52000312e-07 5.62668660e-06 2.81469832e-05 3.15788934e-08 3.98712178e-06 3.97166443e-05 1.20421419e-07 1.63956483e-06 -1.15696611e-05
291000           4.50260557e-08 5.78633022e-06 2.88092504e-06 -1.17882822e-07 4.12522796e-06 1.93713808e-05 1.62908878e-07 1.66110226e-06 -1.64904557e-05
292000           6.41634891e-07 4.67955365e-06 -1.18856558e-04 6.36123619e-07 3.06533869e-06 -1.18225974e-04 5.51127175e-09 1.61421497e-06 -6.30583308e-07
293000           -8.86640946e-09 5.95400439e-06 -1.85633393e-05 1.52901425e-07 4.29842191e-06 -3.54235221e-05 -1.61767835e-07 1.65558248e-06 1.68601828e-05
294000           -5.41696783e-10 5.15014149e-06 1.71310327e-05 1.09923539e-07 3.51364385e-06 5.04509625e-06 -1.10465236e-07 1.63649764e-06 1.20859365e-05
295000           2.78566136e-07 5.40233205e-06 1.56031115e-05 1.80713193e-07 3.77070038e-06 2.48164924e-05 9.78529430e-08 1.63163167e-06 -9.21338091e-06
296000           6.66641554e-08 5.92023577e-06 -2.48059197e-06 -1.02494770e-07 4.25612061e-06 1.45887947e-05 1.69158926e-07 1.66411516e-06 -1.70693867e-05
297000           3.66584132e-07 4.63860921e-06 -7.19530842e-05 3.29889708e-07 3.02293079e-06 -6.81239963e-05 3.66944234e-08 1.61567842e-06 -3.82908792e-06
298000           -2.23242914e-07 5.85102700e-06 -6.58920684e-07 -7.18245291e-08 4.20138369e-06 -1.63730928e-05 -1.51418385e-07 1.64964331e-06 1.57141721e-05
299000           -2.18722027e-08 5.34906366e-06 1.55244094e-05 1.05400111e-07 3.70555501e-06 1.76003388e-06 -1.27272313e-07 1.64350865e-06 1.37643755e-05
300000           -1.72232078e-07 5.20742640e-06 7.10387557e-05 -2.46339644e-07 3.58170312e-06 7.77964096e-05 7.41075662e-08 1.62572328e-06 -6.75765385e-06
301000           4.38236227e-09 6.00416206e-06 1.79585381e-05 -1.68341212e-07 4.33823512e-06 3.53198833e-05 1.72723575e-07 1.66592693e-06 -1.73613452e-05
302000           2.30969182e-07 4.70243922e-06 -5.53636926e-05 1.63800329e-07 3.08161995e-06 -4.84309245e-05 6.71688533e-08 1.62081927e-06 -6.93276816e-06
303000           -4.46891675e-08 5.72307584e-06 -2.77067795e-05 9.32810796e-08 4.07963174e-06 -4.19672435e-05 -1.37970247e-07 1.64344410e-06 1.42604640e-05
304000           6.75384037e-09 5.55247758e-06 5.96571507e-06 1.50572723e-07 3.90134515e-06 -9.44684554e-06 -1.43818882e-07 1.65113243e-06 1.54125606e-05
305000           -1.25224379e-07 4.98080894e-06 6.88860549e-05 -1.68609340e-07 3.36067182e-06 7.24592618e-05 4.33849608e-08 1.62013712e-06 -3.57320684e-06
306000           1.31347867e-07 6.03757065e-06 3.53741176e-07 -4.04622091e-08 4.37239857e-06 1.75298230e-05 1.71810077e-07 1.66517208e-06 -1.71760818e-05
307000           -6.29412489e-08 4.86988850e-06 -3.35317889e-07 -1.56779296e-07 3.24113243e-06 9.29984383e-06 9.38380472e-08 1.62875606e-06 -9.63516171e-06
308000           -5.70098716e-09 5.51779940e-06 -3.34332591e-05 1.12687436e-07 3.88245760e-06 -4.56169133e-05 -1.18388423e-07 1.63534180e-06 1.21836542e-05
309000           3.48481490e-08 5.73825659e-06 -1.01189475e-06 1.91092436e-07 4.08175475e-06 -1.76423477e-05 -1.56244287e-07 1.65650184e-06 1.66304530e-05
310000           -1.27834776e-07 4.79807395e-06 6.09515533e-05 -1.37889946e-07 3.18188695e-06 6.10975392e-05 1.00551695e-08 1.61618700e-06 -1.45985925e-07
311000           2.62383422e-08 6.04606486e-06 2.15113000e-05 -1.40398939e-07 4.38438905e-06 3.80789487e-05 1.66637281e-07 1.66167581e-06 -1.65676487e-05
312000           4.50262070e-09 5.08506200e-06 -2.25103764e-05 -1.10466740e-07 3.44778448e-06 -1.07460951e-05 1.14969361e-07 1.63727751e-06 -1.17642813e-05
313000           -1.47965482e-07 5.29368040e-06 -3.07251157e-05 -5.19458856e-08 3.66579605e-06 -4.05702529e-05 -9.60195965e-08 1.62788436e-06 9.84513722e-06
314000           -6.63725846e-08 5.85702698e-06 6.80975646e-06 9.69007882e-08 4.19707793e-06 -1.04791259e-05 -1.63273373e-07 1.65994905e-06 1.72888824e-05
315000           -2.83143055e-07 4.72787567e-06 7.26726442e-05 -2.65475284e-07 3.11200249e-06 6.99958559e-05 -1.76677709e-08 1.61587319e-06 2.67678835e-06
316000           -6.49995551e-08 5.98161984e-06 3.66454481e-05 -2.24038361e-07 4.32442407e-06 5.23571174e-05 1.59038806e-07 1.65719577e-06 -1.57116694e-05
317000           6.45952568e-08 5.30666628e-06 -1.76589071e-05 -6.82829416e-08 3.66093680e-06 -4.09834222e-06 1.32878198e-07 1.64572949e-06 -1.35605649e-05
318000           3.40033879e-07 5.09281906e-06 -8.34413020e-05 4.10966553e-07 3.47060924e-06 -9.06849595e-05 -7.09326745e-08 1.62220982e-06 7.24365750e-06
319000           -7.60635172e-08 5.96105848e-06 6.40238228e-06 9.33064183e-08 4.29890385e-06 -1.14445165e-05 -1.69369936e-07 1.66215463e-06 1.78468988e-05
320000           -5.81235148e-08 4.75484801e-06 3.04130401e-05 -8.81796262e-09 3.13589541e-06 2.45040816e-05 -4.93055521e-08 1.61895261e-06 5.90895851e-06
321000           7.00040236e-08 5.87505990e-06 3.12002656e-05 -7.56841304e-08 4.22455598e-06 4.54496547e-05 1.45688154e-07 1.65050392e-06 -1.42493891e-05
322000           3.68956957e-08 5.53192922e-06 -9.55991327e-06 -1.10545440e-07 3.87872193e-06 5.43418118e-06 1.47441135e-07 1.65320729e-06 -1.49940944e-05
323000           5.36998123e-07 4.88245857e-06 -1.12377478e-04 5.76261295e-07 3.26577075e-06 -1.16341397e-04 -3.92631716e-08 1.61668782e-06 3.96391859e-06
324000           1.22832300e-08 6.00201046e-06 -1.61869187e-05 1.81847876e-07 4.34072340e-06 -3.39717764e-05 -1.69564646e-07 1.66128707e-06 1.77848577e-05
325000           5.37155840e-09 4.87912879e-06 2.36156732e-05 8.25612977e-08 3.25408712e-06 1.48826681e-05 -7.71897393e-08 1.62504167e-06 8.73300504e-06
326000           2.83556427e-07 5.70088754e-06 1.05777991e-05 1.54430708e-07 4.05825740e-06 2.30703002e-05 1.29125719e-07 1.64263014e-06 -1.24925011e-05
327000           3.74953958e-08 5.69899835e-06 3.39025603e-06 -1.20834089e-07 4.04040631e-06 1.94468629e-05 1.58329485e-07 1.65859204e-06 -1.60566069e-05
328000           -3.10176028e-07 4.71811622e-06 1.26301408e-07 -3.00263653e-07 3.10459168e-06 -7.84753194e-07 -9.91237501e-09 1.61352454e-06 9.11054602e-07
329000           -2.98074711e-08 5.98485743e-06 -1.45224979e-05 1.35320355e-07 4.32673159e-06 -3.17704560e-05 -1.65127826e-07 1.65812584e-06 1.72479582e-05
330000           -2.73355793e-08 5.02629460e-06 1.88808177e-05 7.10558874e-08 3.39446334e-06 8.01804905e-06 -9.83914667e-08 1.63183126e-06 1.08627687e-05
331000           1.90393899e-07 5.52934464e-06 2.34530939e-05 7.92538228e-08 3.89339234e-06 3.40631927e-05 1.11140077e-07 1.63595229e-06 -1.06100988e-05
332000           1.27266761e-07 5.86765218e-06 -8.12596954e-06 -3.95115521e-08 4.20459615e-06 8.73883681e-06 1.66778313e-07 1.66305603e-06 -1.68648063e-05
333000           4.67592018e-07 4.63284338e-06 -9.64709903e-05 4.47501936e-07 3.01864579e-06 -9.43353756e-05 2.00900823e-08 1.61419759e-06 -2.13561468e-06
334000           9.59055641e-08 5.91825048e-06 -3.61576402e-05 2.53660379e-07 4.26497234e-06 -5.25638230e-05 -1.57754815e-07 1.65327814e-06 1.64061829e-05
335000           -3.60090285e-08 5.23692933e-06 1.58829215e-05 8.36553166e-08 3.59681350e-06 2.87823199e-06 -1.19664345e-07 1.64011583e-06 1.30046895e-05
336000           3.19820456e-07 5.30264897e-06 1.00892846e-05 2.33758380e-07 3.67398943e-06 1.80738883e-05 8.60620758e-08 1.62865954e-06 -7.98460366e-06
337000           -3.75623395e-08 5.96227652e-06 2.08532811e-05 -2.08998633e-07 4.29710585e-06 3.81178136e-05 1.71436294e-07 1.66517067e-06 -1.72645325e-05
338000           3.17910630e-07 4.65275283e-06 -6.40482742e-05 2.64223802e-07 3.03463806e-06 -5.84873003e-05 5.36868277e-08 1.61811477e-06 -5.56097390e-06
339000           -2.43048242e-07 5.78070667e-06 -9.28872630e-07 -9.85784169e-08 4.13439850e-06 -1.58792430e-05 -1.44469825e-07 1.64630817e-06 1.49503704e-05
340000           -1.71946865e-07 5.46016310e-06 3.29326788e-05 -3.47745998e-08 3.81213349e-06 1.81805943e-05 -1.37172265e-07 1.64802961e-06 1.47520845e-05
341000           -7.60661641e-08 5.08011435e-06 5.27664381e-05 -1.32468006e-07 3.45764522e-06 5.76861220e-05 5.64018420e-08 1.62246913e-06 -4.91968389e-06
342000           1.36500995e-07 6.04202566e-06 1.15733716e-06 -3.56863355e-08 4.37662605e-06 1.84174971e-05 1.72187331e-07 1.66539961e-06 -1.72601600e-05
343000           -1.26546848e-08 4.79187153e-06 -1.36334066e-05 -9.37917838e-08 3.16695784e-06 -5.28473036e-06 8.11370990e-08 1.62491369e-06 -8.34867622e-06
344000           -1.27499739e-07 5.61272376e-06 -2.28574740e-05 1.09891238e-09 3.97351386e-06 -3.61304546e-05 -1.28598652e-07 1.63920990e-06 1.32729806e-05
345000           -1.48073353e-07 5.63998333e-06 2.44897708e-05 1.12419511e-09 3.98629255e-06 8.55329735e-06 -1.49197548e-07 1.65369079e-06 1.59364735e-05
346000           -2.05563845e-07 4.88738294e-06 7.48087579e-05 -2.34824774e-07 3.26959514e-06 7.69321767e-05 2.92609290e-08 1.61778780e-06 -2.12341877e-06
347000           1.11459837e-07 6.05293636e-06 8.14021849e-06 -5.89485496e-08 4.38881782e-06 2.51389956e-05 1.70408386e-07 1.66411854e-06 -1.69987771e-05
348000           3.37082398e-08 4.97851741e-06 -2.22044524e-05 -7.11092650e-08 3.34522959e-06 -1.14584602e-05 1.04817505e-07 1.63328782e-06 -1.07459922e-05
349000           -1.78225173e-07 5.41130505e-06 -2.04387155e-05 -6.97056848e-08 3.77923943e-06 -3.15887299e-05 -1.08519488e-07 1.63206562e-06 1.11500143e-05
350000           -8.80469969e-08 5.79724969e-06 6.49626293e-06 7.24965181e-08 4.13873298e-06 -1.05451597e-05 -1.60543515e-07 1.65851671e-06 1.70414226e-05
351000           -2.37609751e-07 4.75471576e-06 6.90766299e-05 -2.33749593e-07 3.13891776e-06 6.77996020e-05 -3.86015819e-09 1.61579800e-06 1.27702790e-06
352000           -3.57591116e-08 6.02398933e-06 3.08942698e-05 -1.99072113e-07 4.36412120e-06 4.70738159e-05 1.63313001e-07 1.65986814e-06 -1.61795461e-05
353000           8.43934683e-08 5.19778508e-06 -2.49968836e-05 -4.03594707e-08 3.55587393e-06 -1.22564026e-05 1.24752939e-07 1.64191114e-06 -1.27404810e-05
354000           -2.13952863e-07 5.18893492e-06 -1.92334264e-05 -1.31485702e-07 3.56415630e-06 -2.76603916e-05 -8.24671610e-08 1.62477862e-06 8.42696521e-06
355000           -4.24606063e-08 5.91616608e-06 3.84434264e-06 1.24624444e-07 4.25480350e-06 -1.38001859e-05 -1.67085051e-07 1.66136258e-06 1.76445286e-05
356000           -7.52909561e-08 4.73208957e-06 4.85820099e-05 -3.96514830e-08 3.11474376e-06 4.40646928e-05 -3.56394731e-08 1.61734580e-06 4.51731719e-06
357000           1.34655271e-10 5.94031139e-06 3.41306401e-05 -1.52073747e-07 4.28663738e-06 4.90983753e-05 1.52208402e-07 1.65367401e-06 -1.49677351e-05
358000           -2.10248515e-08 5.42610544e-06 -8.83337517e-06 -1.61322440e-07 3.77654560e-06 5.46011616e-06 1.40297588e-07 1.64955984e-06 -1.42934913e-05
359000           6.60893079e-07 4.98782797e-06 -1.26887596e-04 7.15971864e-07 3.36851954e-06 -1.32487161e-04 -5.50787848e-08 1.61930843e-06 5.59956510e-06
360000           -6.73044846e-08 5.98437791e-06 1.46741799e-07 1.02013295e-07 4.32240616e-06 -1.76554241e-05 -1.69317780e-07 1.66197175e-06 1.78021659e-05
361000           -1.79881827e-07 4.79529739e-06 5.92174940e-05 -1.18232260e-07 3.17391749e-06 5.20664513e-05 -6.16495671e-08 1.62137991e-06 7.15104269e-06
362000           1.67465267e-08 5.81542922e-06 3.82374422e-05 -1.22517564e-07 4.16803528e-06 5.18094079e-05 1.39264090e-07 1.64739394e-06 -1.35719657e-05
363000           -2.18065950e-08 5.61038261e-06 -1.76360111e-06 -1.75114456e-07 3.95435011e-06 1.38120426e-05 1.53307861e-07 1.65603250e-06 -1.55756437e-05
364000           -3.30679930e-07 4.80088156e-06 1.12378315e-06 -3.02947797e-07 3.18558923e-06 -1.62814319e-06 -2.77321334e-08 1.61529233e-06 2.75192633e-06
365000           -1.51289807e-08 6.01010382e-06 -1.52947730e-05 1.53615951e-07 4.34949950e-06 -3.29597587e-05 -1.68744932e-07 1.66060433e-06 1.76649857e-05
366000           1.99184460e-08 4.95364166e-06 1.55664285e-05 1.08206712e-07 3.32481658e-06 5.71035876e-06 -8.82882656e-08 1.62882508e-06 9.85606972e-06
367000           8.53653533e-08 5.62716478e-06 3.56828931e-05 -3.50352065e-08 3.98756938e-06 4.72536560e-05 1.20400560e-07 1.63959540e-06 -1.15707629e-05
368000           8.08770847e-08 5.76972909e-06 -6.66483684e-06 -8.21239831e-08 4.10861602e-06 9.83395763e-06 1.63001068e-07 1.66111307e-06 -1.64987945e-05
369000           5.48301481e-07 4.67424689e-06 -1.07135282e-04 5.43539300e-07 3.06014055e-06 -1.06581917e-04 4.76218130e-09 1.61410633e-06 -5.53365789e-07
370000           1.40872543e-07 5.94610051e-06 -3.80282834e-05 3.02976717e-07 4.29077979e-06 -5.49229952e-05 -1.62104173e-07 1.65532073e-06 1.68947118e-05
371000           -1.40210570e-07 5.14869218e-06 3.48643257e-05 -2.89416319e-08 3.51201542e-06 2.26948385e-05 -1.11268938e-07 1.63667675e-06 1.21694872e-05
372000           2.88798521e-07 5.37683056e-06 1.49086871e-05 1.91838819e-07 3.74565963e-06 2.40275245e-05 9.69597012e-08 1.63117093e-06 -9.11883741e-06
373000           1.38975477e-07 5.91810579e-06 -7.38408539e-06 -3.01658795e-08 4.25390711e-06 9.67871997e-06 1.69141356e-07 1.66419867e-06 -1.70628054e-05
374000           4.30553115e-07 4.63591849e-06 -8.30826757e-05 3.92345475e-07 3.02051129e-06 -7.90932739e-05 3.82076393e-08 1.61540720e-06 -3.98940178e-06
375000           -2.23277756e-07 5.84771125e-06 -9.31060326e-07 -7.26432817e-08 4.19826520e-06 -1.65579999e-05 -1.50634474e-07 1.64944604e-06 1.56269395e-05
376000           -6.76028829e-08 5.35579866e-06 2.16895788e-05 5.95948007e-08 3.71212522e-06 7.94055929e-06 -1.27197684e-07 1.64367344e-06 1.37490195e-05
377000           -1.28498914e-07 5.20280149e-06 6.84868528e-05 -2.02385741e-07 3.57754577e-06 7.52272012e-05 7.38868267e-08 1.62525573e-06 -6.74034832e-06
378000           1.25823306e-07 6.00264050e-06 -4.12758329e-06 -4.70105699e-08 4.33668105e-06 1.32484066e-05 1.72833876e-07 1.66595945e-06 -1.73759899e-05
379000           7.20109481e-08 4.71602279e-06 -3.53935774e-05 4.18905700e-09 3.09490424e-06 -2.83836411e-05 6.78218911e-08 1.62111855e-06 -7.00993630e-06
380000           -4.16219402e-08 5.71947264e-06 -2.87972953e-05 9.59920480e-08 4.07610816e-06 -4.30154681e-05 -1.37613988e-07 1.64336448e-06 1.42181728e-05
381000           2.06538465e-08 5.55621183e-06 6.20961191e-06 1.64400765e-07 3.90525432e-06 -9.19192377e-06 -1.43746919e-07 1.65095751e-06 1.54015357e-05
382000           -1.31330657e-07 4.98481004e-06 6.96399593e-05 -1.74787916e-07 3.36466581e-06 7.32249546e-05 4.34572589e-08 1.62014423e-06 -3.58499522e-06
383000           3.04064859e-08 6.06075132e-06 1.43434354e-05 -1.41428807e-07 4.39557599e-06 3.15276026e-05 1.71835293e-07 1.66517533e-06 -1.71841672e-05
384000           1.61160092e-08 4.87611493e-06 -1.38826238e-05 -7.78941137e-08 3.24728572e-06 -4.22727588e-06 9.40101228e-08 1.62882921e-06 -9.65534789e-06
385000           -3.23883038e-07 5.51340498e-06 4.90659822e-06 -2.06035030e-07 3.87841083e-06 -7.21277520e-06 -1.17848009e-07 1.63499415e-06 1.21193734e-05
386000           -4.14203743e-08 5.73188984e-06 2.19697134e-06 1.14394728e-07 4.07560870e-06 -1.43815938e-05 -1.55815102e-07 1.65628114e-06 1.65785652e-05
387000           -3.34251703e-07 4.80753460e-06 9.01273349e-05 -3.45166359e-07 3.19122115e-06 9.03731907e-05 1.09146567e-08 1.61631345e-06 -2.45855812e-07
388000           -5.90680948e-10 6.02556627e-06 2.48697712e-05 -1.67486947e-07 4.36414894e-06 4.14691649e-05 1.66896266e-07 1.66141734e-06 -1.65993936e-05
389000           4.88679029e-08 5.07987435e-06 -2.47124521e-05 -6.60554443e-08 3.44256793e-06 -1.29501801e-05 1.14923347e-07 1.63730642e-06 -1.17622720e-05
390000           -1.88060979e-07 5.30721322e-06 -2.12386314e-05 -9.19135926e-08 3.67906337e-06 -3.10902498e-05 -9.61473863e-08 1.62814985e-06 9.85161840e-06
391000           -7.41765301e-08 5.86899260e-06 1.78526134e-06 8.92541318e-08 4.20902359e-06 -1.55147029e-05 -1.63430662e-07 1.65996901e-06 1.72999643e-05
392000           -1.31373851e-07 4.73960684e-06 5.30529725e-05 -1.13757754e-07 3.12369273e-06 5.03856592e-05 -1.76160964e-08 1.61591411e-06 2.66731332e-06
393000           -5.82684192e-09 5.99074549e-06 3.02735647e-05 -1.64878236e-07 4.33334402e-06 4.59882427e-05 1.59051394e-07 1.65740147e-06 -1.57146780e-05
394000           1.69098393e-07 5.30124677e-06 -2.41109194e-05 3.63048306e-08 3.65576043e-06 -1.05593018e-05 1.32793562e-07 1.64548633e-06 -1.35516176e-05
395000           3.80462963e-07 5.09669456e-06 -8.80246418e-05 4.51574569e-07 3.47427141e-06 -9.52852342e-05 -7.11116061e-08 1.62242314e-06 7.26059245e-06
396000           -7.75944590e-08 5.95938766e-06 3.23091481e-06 9.18383701e-08 4.29723428e-06 -1.46198733e-05 -1.69432829e-07 1.66215338e-06 1.78507881e-05
397000           -2.73433342e-07 4.75891150e-06 6.70589341e-05 -2.24334076e-07 3.13954614e-06 6.11740890e-05 -4.90992664e-08 1.61936536e-06 5.88484507e-06
398000           7.88946131e-08 5.87595976e-06 3.04479538e-05 -6.68716727e-08 4.22533214e-06 4.47068412e-05 1.45766286e-07 1.65062762e-06 -1.42588875e-05
399000           5.33907630e-08 5.53021435e-06 -1.09010423e-05 -9.39814415e-08 3.87705724e-06 4.08580605e-06 1.47372204e-07 1.65315711e-06 -1.49868484e-05
400000           5.34078420e-07 4.87006981e-06 -1.11647274e-04 5.73547020e-07 3.25369253e-06 -1.15635006e-04 -3.94685990e-08 1.61637728e-06 3.98773189e-06
401000           1.52601580e-08 5.99658583e-06 -1.81467122e-05 1.84882159e-07 4.33542218e-06 -3.59397595e-05 -1.69622001e-07 1.66116365e-06 1.77930473e-05
402000           -2.59561540e-07 4.87625436e-06 6.05682339e-05 -1.82514296e-07 3.25113446e-06 5.18509771e-05 -7.70472436e-08 1.62511990e-06 8.71725679e-06
403000           1.48579492e-07 5.70808964e-06 2.67994461e-05 1.93233468e-08 4.06528053e-06 3.93045096e-05 1.29256146e-07 1.64280911e-06 -1.25050636e-05
404000           1.09839159e-07 5.71515055e-06 -1.14766042e-05 -4.84714512e-08 4.05656462e-06 4.57536881e-06 1.58310610e-07 1.65858594e-06 -1.60519730e-05
405000           -2.93287896e-07 4.72624061e-06 -2.78841417e-06 -2.83257582e-07 3.11265549e-06 -3.71574213e-06 -1.00303144e-08 1.61358513e-06 9.27327965e-07
406000           1.04915309e-08 5.99024434e-06 -2.01145584e-05 1.75653538e-07 4.33198942e-06 -3.73689078e-05 -1.65162007e-07 1.65825492e-06 1.72543494e-05
407000           1.27233706e-08 5.03053965e-06 1.76809325e-05 1.10954956e-07 3.39863166e-06 6.82924482e-06 -9.82315850e-08 1.63190799e-06 1.08516877e-05
408000           2.87670571e-07 5.52842535e-06 9.60417390e-06 1.76370323e-07 3.89236686e-06 2.02259709e-05 1.11300249e-07 1.63605850e-06 -1.06217970e-05
409000           9.19364086e-08 5.86348829e-06 -2.07202282e-06 -7.47879023e-08 4.20038902e-06 1.47840575e-05 1.66724311e-07 1.66309927e-06 -1.68560803e-05
410000           4.79360011e-07 4.64386995e-06 -9.80639101e-05 4.59478475e-07 3.02943060e-06 -9.59518955e-05 1.98815359e-08 1.61443934e-06 -2.11201455e-06
411000           8.23425739e-08 5.92368641e-06 -3.53357252e-05 2.40198092e-07 4.27024196e-06 -5.17569881e-05 -1.57855518e-07 1.65344445e-06 1.64212629e-05
412000           -1.44775534e-07 5.23840324e-06 3.31803526e-05 -2.52667203e-08 3.59821449e-06 2.01899988e-05 -1.19508813e-07 1.64018875e-06 1.29903538e-05
413000           1.60303859e-07 5.29402646e-06 3.04353867e-05 7.40868240e-08 3.66533067e-06 3.84362945e-05 8.62170354e-08 1.62869579e-06 -8.00090786e-06
414000           1.67411591e-07 5.96285751e-06 -8.16017855e-06 -4.00174987e-09 4.29746597e-06 9.09692816e-06 1.71413340e-07 1.66539154e-06 -1.72571067e-05
415000           1.46568985e-07 4.66951056e-06 -4.01955344e-05 9.18723927e-08 3.05148594e-06 -3.45210174e-05 5.46965927e-08 1.61802463e-06 -5.67451706e-06
416000           5.66195349e-08 5.79544742e-06 -3.83426973e-05 2.00791798e-07 4.14886562e-06 -5.32656318e-05 -1.44172263e-07 1.64658181e-06 1.49229345e-05
417000           2.80733545e-08 5.45719201e-06 5.61610454e-06 1.64593242e-07 3.80940290e-06 -9.06463931e-06 -1.36519887e-07 1.64778911e-06 1.46807438e-05
418000           -9.50728541e-08 5.06201558e-06 5.94248925e-05 -1.52512259e-07 3.44001853e-06 6.44574943e-05 5.74394051e-08 1.62199705e-06 -5.03260179e-06
419000           1.29882866e-07 6.03423928e-06 5.01357916e-06 -4.24916484e-08 4.36875152e-06 2.23017972e-05 1.72374515e-07 1.66548776e-06 -1.72882180e-05
420000           -1.99803467e-07 4.78319892e-06 3.48476776e-06 -2.81614297e-07 3.15873522e-06 1.19268482e-05 8.18108305e-08 1.62446370e-06 -8.44208048e-06
421000           -2.52405953e-07 5.61686258e-06 -5.20681842e-06 -1.24001444e-07 3.97766701e-06 -1.84458853e-05 -1.28404509e-07 1.63919557e-06 1.32390669e-05
422000           3.51452562e-08 5.63504073e-06 -5.92459936e-07 1.83999922e-07 3.98138919e-06 -1.64860027e-05 -1.48854666e-07 1.65365154e-06 1.58935427e-05
423000           -2.59791741e-07 4.91710027e-06 8.11208554e-05 -2.89924356e-07 3.29862887e-06 8.33480785e-05 3.01326158e-08 1.61847140e-06 -2.22722315e-06
424000           9.21059577e-08 6.06027488e-06 9.15557216e-06 -7.84110614e-08 4.39608902e-06 2.61758321e-05 1.70517019e-07 1.66418585e-06 -1.70202599e-05
425000           1.92919971e-07 4.96240959e-06 -4.27122593e-05 8.85393217e-08 3.32958996e-06 -3.20064119e-05 1.04380650e-07 1.63281963e-06 -1.07058474e-05
426000           -1.84724254e-07 5.41759903e-06 -1.95708790e-05 -7.56145229e-08 3.78538283e-06 -3.07733227e-05 -1.09109731e-07 1.63221620e-06 1.12024437e-05
427000           -7.65577973e-08 5.80261617e-06 1.14040585e-05 8.39639012e-08 4.14396438e-06 -5.62745470e-06 -1.60521699e-07 1.65865180e-06 1.70315132e-05
428000           -1.58315701e-07 4.76386271e-06 6.00785048e-05 -1.55161584e-07 3.14767763e-06 5.88816248e-05 -3.15411722e-09 1.61618508e-06 1.19688006e-06
429000           2.16972124e-09 6.01505313e-06 3.14102788e-05 -1.61401995e-07 4.35513755e-06 4.76239116e-05 1.63571716e-07 1.65991558e-06 -1.62136327e-05
430000           -8.48598583e-09 5.18700582e-06 -1.82896893e-05 -1.32850083e-07 3.54548277e-06 -5.57882782e-06 1.24364097e-07 1.64152305e-06 -1.27108615e-05
431000           -2.27433358e-07 5.18962892e-06 -1.80902835e-05 -1.44383521e-07 3.56494720e-06 -2.65725387e-05 -8.30498365e-08 1.62468172e-06 8.48225521e-06
432000           5.61607483e-10 5.91975330e-06 -1.27239990e-06 1.67637165e-07 4.25849966e-06 -1.89133408e-05 -1.67075558e-07 1.66125363e-06 1.76409409e-05
433000           -2.47706618e-07 4.73014064e-06 7.50527755e-05 -2.12472576e-07 3.11300391e-06 7.05853934e-05 -3.52340421e-08 1.61713674e-06 4.46738210e-06
434000           1.10064514e-08 5.93095893e-06 3.40773758e-05 -1.41413614e-07 4.27732594e-06 4.90711216e-05 1.52420066e-07 1.65363299e-06 -1.49937459e-05
435000           7.68251143e-08 5.42309975e-06 -1.51704351e-05 -6.32786320e-08 3.77388248e-06 -8.93741494e-07 1.40103746e-07 1.64921727e-06 -1.42766936e-05
436000           6.55573610e-07 4.99355258e-06 -1.26200503e-04 7.11185426e-07 3.37408753e-06 -1.31850557e-04 -5.56118160e-08 1.61946505e-06 5.65005361e-06
437000           -6.49644237e-08 5.98372886e-06 -3.42251627e-07 1.04336173e-07 4.32171035e-06 -1.81397791e-05 -1.69300597e-07 1.66201851e-06 1.77975274e-05
438000           8.31258692e-08 4.78632819e-06 9.96080199e-06 1.44230800e-07 3.16512209e-06 2.86544377e-06 -6.11049307e-08 1.62120610e-06 7.09535822e-06
439000           1.37442258e-07 5.81029070e-06 2.55954721e-05 -2.07777734e-09 4.16289082e-06 3.91967191e-05 1.39520035e-07 1.64739988e-06 -1.36012471e-05
440000           9.67488141e-08 5.60159381e-06 -1.47456929e-05 -5.63824340e-08 3.94557494e-06 8.15573113e-07 1.53131248e-07 1.65601887e-06 -1.55612660e-05
441000           -3.34904926e-07 4.79699010e-06 1.35318468e-06 -3.06912178e-07 3.18173378e-06 -1.42276572e-06 -2.79927475e-08 1.61525632e-06 2.77595040e-06
442000           -3.95773083e-08 6.00559996e-06 -8.83751121e-06 1.29334937e-07 4.34496373e-06 -2.65172402e-05 -1.68912245e-07 1.66063623e-06 1.76797290e-05
443000           -1.82369969e-07 4.94979630e-06 4.61501979e-05 -9.40823765e-08 3.32107140e-06 3.62961926e-05 -8.82875924e-08 1.62872490e-06 9.85400536e-06
444000           1.55771914e-07 5.62837233e-06 2.75948563e-05 3.53186663e-08 3.98869543e-06 3.91702852e-05 1.20453247e-07 1.63967691e-06 -1.15754289e-05
445000           1.37516790e-07 5.78226360e-06 -1.14336342e-05 -2.53686293e-08 4.12135160e-06 5.05481734e-06 1.62885419e-07 1.66091199e-06 -1.64884516e-05
446000           4.50783394e-07 4.67689843e-06 -8.73968604e-05 4.45524845e-07 3.06277911e-06 -8.67871731e-05 5.25854889e-09 1.61411933e-06 -6.09687270e-07
447000           -1.66836383e-08 5.95515634e-06 -1.62207686e-05 1.45136041e-07 4.29944940e-06 -3.30846740e-05 -1.61819680e-07 1.65570694e-06 1.68639054e-05
448000           1.72254897e-09 5.14931347e-06 2.06500715e-05 1.12116826e-07 3.51288591e-06 8.57295293e-06 -1.10394277e-07 1.63642756e-06 1.20771186e-05
449000           1.06597943e-07 5.40571049e-06 3.38920627e-05 8.63950585e-09 3.77395418e-06 4.31222861e-05 9.79584374e-08 1.63175631e-06 -9.23022339e-06
450000           -4.05734098e-08 5.91225264e-06 1.38636252e-05 -2.09726709e-07 4.24825207e-06 3.09343463e-05 1.69153299e-07 1.66400057e-06 -1.70707211e-05
451000           3.81549641e-07 4.63841455e-06 -8.21200388e-05 3.45006229e-07 3.02262310e-06 -7.83060408e-05 3.65434117e-08 1.61579145e-06 -3.81399801e-06
452000           -2.16688312e-07 5.85201767e-06 -1.75948251e-06 -6.52003009e-08 4.20230903e-06 -1.74804435e-05 -1.51488011e-07 1.64970864e-06 1.57209610e-05
453000           -7.76242758e-08 5.34906202e-06 2.41132060e-05 4.95695231e-08 3.70557848e-06 1.03575598e-05 -1.27193799e-07 1.64348354e-06 1.37556462e-05
454000           -7.32759371e-08 5.20434217e-06 6.35446690e-05 -1.47469397e-07 3.57878226e-06 7.03112496e-05 7.41934601e-08 1.62555990e-06 -6.76658063e-06
455000           1.93827820e-07 6.01141518e-06 -8.83612930e-06 2.11247266e-08 4.34540540e-06 8.52231212e-06 1.72703094e-07 1.66600978e-06 -1.73584414e-05
456000           5.92335974e-08 4.71062534e-06 -2.64972617e-05 -7.84180072e-09 3.08961819e-06 -1.95683448e-05 6.70753981e-08 1.62100715e-06 -6.92891695e-06
457000           -2.46552989e-07 5.71694724e-06 -3.86042006e-06 -1.08585548e-07 4.07354075e-06 -1.81175315e-05 -1.37967441e-07 1.64340649e-06 1.42571114e-05
458000           -1.39498699e-07 5.55456268e-06 2.64384840e-05 4.19219046e-09 3.90329178e-06 1.10427984e-05 -1.43690890e-07 1.65127090e-06 1.53956856e-05
459000           -3.53235390e-07 4.99047972e-06 9.17835016e-05 -3.96825468e-07 3.37017706e-06 9.53849444e-05 4.35900781e-08 1.62030267e-06 -3.60144278e-06
460000           1.25523166e-07 6.03852283e-06 5.53364594e-06 -4.63028060e-08 4.37350486e-06 2.27134470e-05 1.71825972e-07 1.66501797e-06 -1.71798011e-05
461000           2.70903650e-07 4.87313104e-06 -5.17064032e-05 1.77185791e-07 3.24425757e-06 -4.20866489e-05 9.37178591e-08 1.62887347e-06 -9.61975431e-06
462000           -5.65771343e-08 5.51702188e-06 -3.21125331e-05 6.14917464e-08 3.88167595e-06 -4.42627149e-05 -1.18068881e-07 1.63534593e-06 1.21501818e-05
463000           -4.21502789e-08 5.72914791e-06 1.03732862e-05 1.13531467e-07 4.07282044e-06 -6.19360370e-06 -1.55681746e-07 1.65632747e-06 1.65668899e-05
464000           -1.45597946e-07 4.80538455e-06 6.52973624e-05 -1.56862334e-07 3.18891549e-06 6.55745051e-05 1.12643886e-08 1.61646907e-06 -2.77142634e-07
465000           -8.28038057e-08 6.03407217e-06 4.16987610e-05 -2.49775213e-07 4.37251662e-06 5.83071666e-05 1.66971407e-07 1.66155555e-06 -1.66084056e-05
466000           2.13414139e-07 5.09402196e-06 -4.06863764e-05 9.86250041e-08 3.45658339e-06 -2.89398921e-05 1.14789134e-07 1.63743857e-06 -1.17464842e-05
467000           -2.34642832e-07 5.30754666e-06 -1.53760576e-05 -1.37535784e-07 3.67919561e-06 -2.53313770e-05 -9.71070487e-08 1.62835105e-06 9.95531937e-06
468000           -8.91126547e-08 5.86162387e-06 1.21126719e-05 7.45439590e-08 4.20164685e-06 -5.21833551e-06 -1.63656614e-07 1.65997702e-06 1.73310074e-05
469000           -1.48646459e-07 4.73723276e-06 5.72478940e-05 -1.31114161e-07 3.12092749e-06 5.45800066e-05 -1.75322975e-08 1.61630527e-06 2.66788733e-06
470000           9.88063719e-08 5.98754660e-06 1.44647819e-05 -6.02115541e-08 4.33014363e-06 3.01699445e-05 1.59017926e-07 1.65740297e-06 -1.57051626e-05
471000           1.40239300e-07 5.30097267e-06 -2.97251180e-05 7.65428275e-09 3.65556277e-06 -1.61999411e-05 1.32585017e-07 1.64540990e-06 -1.35251768e-05
472000           5.28431955e-07 5.11182011e-06 -1.10046990e-04 5.99823082e-07 3.48930909e-06 -1.17341993e-04 -7.13911272e-08 1.62251102e-06 7.29500330e-06
473000           3.72666295e-08 5.95174971e-06 -1.39129929e-05 2.06644637e-07 4.28972272e-06 -3.17636332e-05 -1.69378008e-07 1.66202699e-06 1.78506404e-05
474000           -1.88458895e-07 4.74484780e-06 6.36042134e-05 -1.39563476e-07 3.12586914e-06 5.77370304e-05 -4.88954186e-08 1.61897866e-06 5.86718308e-06
475000           6.54966490e-08 5.87675566e-06 3.18751190e-05 -8.04003463e-08 4.22610918e-06 4.61479001e-05 1.45896995e-07 1.65064648e-06 -1.42727810e-05
476000           -7.49674133e-08 5.52951716e-06 -2.58973120e-07 -2.22255394e-07 3.87633839e-06 1.47225549e-05 1.47287981e-07 1.65317876e-06 -1.49815280e-05
477000           5.42714054e-07 4.88190655e-06 -1.14247957e-04 5.82464992e-07 3.26502200e-06 -1.18264179e-04 -3.97509389e-08 1.61688456e-06 4.01622216e-06
478000           1.24530502e-08 6.00192429e-06 -1.60635105e-05 1.82006815e-07 4.34050185e-06 -3.38494949e-05 -1.69553765e-07 1.66142244e-06 1.77859844e-05
479000           6.47645674e-09 4.87638640e-06 2.33481149e-05 8.32091137e-08 3.25140640e-06 1.46608724e-05 -7.67326570e-08 1.62498000e-06 8.68724254e-06
480000           2.68279200e-07 5.70582462e-06 1.23663740e-05 1.38842046e-07 4.06300320e-06 2.48916549e-05 1.29437154e-07 1.64282142e-06 -1.25252808e-05
481000           9.01698979e-08 5.71281436e-06 -8.47469744e-06 -6.80067241e-08 4.05420757e-06 7.56805414e-06 1.58176622e-07 1.65860680e-06 -1.60427516e-05
482000           -3.67661263e-07 4.71830833e-06 9.13715471e-06 -3.57197124e-07 3.10466193e-06 8.16840379e-06 -1.04641388e-08 1.61364640e-06 9.68750919e-07
483000           9.74133708e-09 5.98357942e-06 -2.05924156e-05 1.74970725e-07 4.32531310e-06 -3.78539932e-05 -1.65229388e-07 1.65826632e-06 1.72615776e-05
484000           -1.69974843e-07 5.03113180e-06 4.18740867e-05 -7.19879947e-08 3.39917935e-06 3.10529386e-05 -9.79868480e-08 1.63195246e-06 1.08211480e-05
485000           1.33601657e-07 5.53984132e-06 3.06859695e-05 2.20843920e-08 3.90349486e-06 4.13358157e-05 1.11517265e-07 1.63634647e-06 -1.06498462e-05
486000           -5.60661080e-08 5.85148457e-06 1.51899852e-05 -2.22699114e-07 4.18833985e-06 3.20423135e-05 1.66633006e-07 1.66314472e-06 -1.68523282e-05
487000           2.78072644e-07 4.64607382e-06 -6.36444943e-05 2.58474398e-07 3.03173707e-06 -6.15574321e-05 1.95982464e-08 1.61433676e-06 -2.08706223e-06
488000           5.25339174e-08 5.92583952e-06 -2.73943258e-05 2.10456825e-07 4.27218998e-06 -4.38212683e-05 -1.57922907e-07 1.65364954e-06 1.64269425e-05
489000           -6.37850206e-08 5.24106287e-06 2.30677158e-05 5.56283717e-08 3.60079994e-06 1.00857758e-05 -1.19413392e-07 1.64026292e-06 1.29819399e-05
490000           3.70862769e-07 5.29730757e-06 3.41675730e-06 2.84505559e-07 3.66858157e-06 1.14279763e-05 8.63572105e-08 1.62872600e-06 -8.01121901e-06
491000           -6.01988515e-08 5.96138054e-06 2.15632772e-05 -2.31565958e-07 4.29594271e-06 3.88190961e-05 1.71367106e-07 1.66543783e-06 -1.72558189e-05
492000           3.82210692e-07 4.67057659e-06 -7.43335804e-05 3.27726269e-07 3.05235294e-06 -6.86856415e-05 5.44844235e-08 1.61822365e-06 -5.64793891e-06
493000           -2.15190202e-07 5.78913159e-06 -3.83346763e-06 -7.09376720e-08 4.14254467e-06 -1.87629107e-05 -1.44252530e-07 1.64658692e-06 1.49294430e-05
494000           1.33639841e-08 5.45810230e-06 8.86613936e-06 1.49766699e-07 3.81039481e-06 -5.80637122e-06 -1.36402715e-07 1.64770749e-06 1.46725106e-05
495000           -1.72297978e-07 5.07663954e-06 7.09116834e-05 -2.29905899e-07 3.45412099e-06 7.59601132e-05 5.76079203e-08 1.62251855e-06 -5.04842985e-06
496000           -4.18786159e-08 6.03005419e-06 1.86679089e-05 -2.14218521e-07 4.36453739e-06 3.59526381e-05 1.72339905e-07 1.66551680e-06 -1.72847292e-05
497000           2.17272348e-08 4.78765786e-06 -2.51852539e-05 -5.89737959e-08 3.16275856e-06 -1.68768093e-05 8.07010307e-08 1.62489930e-06 -8.30844461e-06
498000           -1.25256446e-07 5.61714768e-06 -2.31944172e-05 3.74805240e-09 3.97765583e-06 -3.65072776e-05 -1.29004499e-07 1.63949185e-06 1.33128604e-05
499000           4.07068079e-09 5.62723083e-06 3.30834039e-06 1.53118940e-07 3.97373607e-06 -1.26130885e-05 -1.49048259e-07 1.65349477e-06 1.59214289e-05
500000           -1.51922265e-07 4.90091609e-06 7.14113970e-05 -1.81854762e-07 3.28274397e-06 7.36053465e-05 2.99324976e-08 1.61817213e-06 -2.19394943e-06
501000           6.45023980e-08 6.05297070e-06 1.60097371e-05 -1.05910003e-07 4.38867551e-06 3.30121501e-05 1.70412401e-07 1.66429519e-06 -1.70024130e-05
502000           3.34694123e-09 4.97307197e-06 -1.78106803e-05 -1.00983628e-07 3.33994376e-06 -7.11273178e-06 1.04330569e-07 1.63312821e-06 -1.06979485e-05
503000           -1.85569056e-07 5.41642146e-06 -1.93298739e-05 -7.65173675e-08 3.78418568e-06 -3.05346768e-05 -1.09051689e-07 1.63223578e-06 1.12048029e-05
504000           -7.73682345e-08 5.80305364e-06 1.16819030e-05 8.32937862e-08 4.14427551e-06 -5.37097892e-06 -1.60662021e-07 1.65877813e-06 1.70528819e-05
505000           -1.57917234e-07 4.76246917e-06 5.99004243e-05 -1.54227918e-07 3.14619954e-06 5.86408660e-05 -3.68931535e-09 1.61626963e-06 1.25955839e-06
506000           1.53353454e-07 6.02595624e-06 7.06687061e-06 -1.00232005e-08 4.36581742e-06 2.32503956e-05 1.63376655e-07 1.66013882e-06 -1.61835250e-05
507000           -1.32443951e-09 5.19505114e-06 -1.94095062e-05 -1.25847548e-07 3.55333168e-06 -6.69112813e-06 1.24523109e-07 1.64171946e-06 -1.27183781e-05
508000           -2.36825967e-07 5.18984112e-06 -1.55796086e-05 -1.54046570e-07 3.56507209e-06 -2.40424044e-05 -8.27793963e-08 1.62476903e-06 8.46279578e-06
509000           -6.85413643e-08 5.91025008e-06 -7.09174602e-07 9.85234901e-08 4.24906237e-06 -1.83537329e-05 -1.67064854e-07 1.66118771e-06 1.76445583e-05
510000           -3.11628850e-07 4.73634646e-06 7.62442053e-05 -2.76219264e-07 3.11893698e-06 7.17519300e-05 -3.54095858e-08 1.61740948e-06 4.49227533e-06
511000           6.90988911e-08 5.92844799e-06 2.80020825e-05 -8.32385924e-08 4.27492246e-06 4.29793537e-05 1.52337484e-07 1.65352552e-06 -1.49772712e-05
512000           -5.71450581e-08 5.40405170e-06 -3.88761150e-06 -1.97363774e-07 3.75497256e-06 1.03954158e-05 1.40218716e-07 1.64907914e-06 -1.42830273e-05
513000           6.22511316e-07 4.99445323e-06 -1.22163444e-04 6.77809641e-07 3.37496944e-06 -1.27788067e-04 -5.52983251e-08 1.61948379e-06 5.62462322e-06
514000           -6.63135557e-08 5.98460945e-06 -9.60909320e-08 1.02986772e-07 4.32251388e-06 -1.78993075e-05 -1.69300328e-07 1.66209556e-06 1.78032165e-05
515000           -1.84602800e-07 4.79375454e-06 5.93979909e-05 -1.23121320e-07 3.17232551e-06 5.22618619e-05 -6.14814794e-08 1.62142903e-06 7.13612909e-06
516000           5.12144403e-08 5.81560627e-06 3.30254942e-05 -8.81503609e-08 4.16806819e-06 4.66077700e-05 1.39364801e-07 1.64753809e-06 -1.35822758e-05
517000           -1.39874386e-07 5.61478657e-06 2.00717682e-05 -2.93122432e-07 3.95868034e-06 3.56423735e-05 1.53248046e-07 1.65610623e-06 -1.55706052e-05
518000           -2.64639340e-07 4.80195035e-06 -1.00746812e-05 -2.36781364e-07 3.18658318e-06 -1.28398289e-05 -2.78579755e-08 1.61536716e-06 2.76514771e-06
519000           -1.71492901e-08 6.00909530e-06 -1.63726003e-05 1.51615971e-07 4.34845872e-06 -3.40402032e-05 -1.68765262e-07 1.66063658e-06 1.76676029e-05
520000           -2.87585855e-08 4.93661680e-06 2.05441330e-05 5.94032271e-08 3.30820242e-06 1.06987115e-05 -8.81618126e-08 1.62841438e-06 9.84542154e-06
521000           9.29077815e-08 5.62858864e-06 3.46861705e-05 -2.76298415e-08 3.98881986e-06 4.62693202e-05 1.20537623e-07 1.63976878e-06 -1.15831497e-05
522000           1.30919766e-07 5.78247502e-06 -1.08125276e-05 -3.20222411e-08 4.12128109e-06 5.67995892e-06 1.62942007e-07 1.66119392e-06 -1.64924865e-05
523000           5.90364982e-07 4.69113612e-06 -1.10919034e-04 5.85001742e-07 3.07649541e-06 -1.10302344e-04 5.36323973e-09 1.61464071e-06 -6.16689418e-07
524000           1.03739382e-07 5.95759825e-06 -3.34739019e-05 2.65543179e-07 4.30174245e-06 -5.03373105e-05 -1.61803797e-07 1.65585580e-06 1.68634087e-05
525000           4.63795383e-08 5.13892825e-06 4.87516523e-06 1.56812885e-07 3.50270874e-06 -7.20577522e-06 -1.10433347e-07 1.63621951e-06 1.20809404e-05
526000           2.11724056e-07 5.39922664e-06 2.77116218e-05 1.13775220e-07 3.76740952e-06 3.69385628e-05 9.79488358e-08 1.63181712e-06 -9.22694095e-06
527000           1.05859884e-07 5.90389725e-06 -2.50203851e-06 -6.33208168e-08 4.24000503e-06 1.45698231e-05 1.69180701e-07 1.66389222e-06 -1.70718616e-05
528000           4.44342281e-07 4.64047661e-06 -8.23623285e-05 4.06772078e-07 3.02488679e-06 -7.84361471e-05 3.75702034e-08 1.61558981e-06 -3.92618144e-06
529000           -4.39642316e-08 5.86370582e-06 -2.08413815e-05 1.07041818e-07 4.21366762e-06 -3.65082695e-05 -1.51006050e-07 1.65003819e-06 1.56668880e-05
530000           -2.79921367e-08 5.34967357e-06 1.65536175e-05 9.90267000e-08 3.70580004e-06 2.82239006e-06 -1.27018837e-07 1.64387354e-06 1.37312275e-05
531000           -1.28034448e-07 5.20852595e-06 6.86745791e-05 -2.02395491e-07 3.58284339e-06 7.54653102e-05 7.43610430e-08 1.62568256e-06 -6.79073111e-06
532000           1.62103397e-07 6.00524137e-06 -8.50674466e-06 -1.06756074e-08 4.33903673e-06 8.86607368e-06 1.72779004e-07 1.66620464e-06 -1.73728183e-05
533000           -1.03208048e-07 4.71857231e-06 -5.49294708e-07 -1.70396069e-07 3.09730002e-06 6.39939398e-06 6.71880206e-08 1.62127228e-06 -6.94868869e-06
534000           -3.39104473e-08 5.72432385e-06 -3.26900239e-05 1.04096493e-07 4.08065231e-06 -4.69472804e-05 -1.38006940e-07 1.64367154e-06 1.42572565e-05
535000           -1.67106096e-07 5.55091269e-06 2.91089697e-05 -2.35820935e-08 3.89976151e-06 1.37354473e-05 -1.43524003e-07 1.65115117e-06 1.53735224e-05
536000           -1.82070074e-07 4.99227051e-06 6.52803958e-05 -2.25982755e-07 3.37177919e-06 6.89155020e-05 4.39126810e-08 1.62049133e-06 -3.63510621e-06
537000           6.68182308e-08 6.05606533e-06 1.24327442e-05 -1.05097022e-07 4.39074778e-06 2.96263990e-05 1.71915253e-07 1.66531754e-06 -1.71936548e-05
538000           -7.53226565e-08 4.87974091e-06 -5.14519973e-06 -1.68926766e-07 3.25066111e-06 4.47097586e-06 9.36041091e-08 1.62907980e-06 -9.61617559e-06
539000           -4.02534912e-08 5.51856735e-06 -2.91789173e-05 7.79532699e-08 3.88287012e-06 -4.13404657e-05 -1.18206761e-07 1.63569723e-06 1.21615483e-05
540000           1.12789400e-07 5.73533418e-06 -1.25143046e-05 2.68403353e-07 4.07887034e-06 -2.90735223e-05 -1.55613953e-07 1.65646384e-06 1.65592177e-05
541000           -1.25071833e-07 4.80291847e-06 6.09178992e-05 -1.36443043e-07 3.18663278e-06 6.12084102e-05 1.13712102e-08 1.61628569e-06 -2.90510994e-07
542000           2.51175639e-08 6.04910688e-06 2.21096276e-05 -1.41886306e-07 4.38711565e-06 3.87249366e-05 1.67003870e-07 1.66199123e-06 -1.66153090e-05
543000           -1.42786436e-09 5.08037202e-06 -2.16530812e-05 -1.16021284e-07 3.44317792e-06 -9.91904157e-06 1.14593420e-07 1.63719410e-06 -1.17340396e-05
544000           -1.54646832e-07 5.30012214e-06 -2.98676202e-05 -5.80185151e-08 3.67195048e-06 -3.97699003e-05 -9.66283166e-08 1.62817166e-06 9.90228003e-06
545000           -8.67569526e-08 5.86221194e-06 4.33847681e-06 7.65383744e-08 4.20221467e-06 -1.29477027e-05 -1.63295327e-07 1.65999727e-06 1.72861795e-05
546000           -3.04075128e-07 4.72839491e-06 7.79515844e-05 -2.87088870e-07 3.11250748e-06 7.53506350e-05 -1.69862574e-08 1.61588743e-06 2.60094937e-06
547000           -1.11167187e-10 5.99726243e-06 3.13195481e-05 -1.59382636e-07 4.33961591e-06 4.70618160e-05 1.59271469e-07 1.65764652e-06 -1.57422679e-05
548000           1.32211804e-07 5.31353381e-06 -2.48077455e-05 -2.48765178e-10 3.66771945e-06 -1.12856643e-05 1.32460570e-07 1.64581436e-06 -1.35220813e-05
549000           3.70676880e-07 5.10072839e-06 -8.67919121e-05 4.42413049e-07 3.47816559e-06 -9.41147021e-05 -7.17361692e-08 1.62256280e-06 7.32278997e-06
550000           -7.87850653e-08 5.95912234e-06 3.57407374e-06 9.07579567e-08 4.29684673e-06 -1.42864064e-05 -1.69543022e-07 1.66227561e-06 1.78604801e-05
551000           -2.74630017e-07 4.75900794e-06 6.73109307e-05 -2.25719820e-07 3.13956065e-06 6.14466939e-05 -4.89101972e-08 1.61944729e-06 5.86423684e-06
552000           8.41890996e-08 5.87740138e-06 2.99879222e-05 -6.16945545e-08 4.22660109e-06 4.42611721e-05 1.45883654e-07 1.65080029e-06 -1.42732499e-05
553000           5.36079253e-08 5.52745383e-06 -1.09468705e-05 -9.35703404e-08 3.87431884e-06 4.02222069e-06 1.47178266e-07 1.65313500e-06 -1.49690912e-05
554000           5.37745981e-07 4.88674514e-06 -1.12710272e-04 5.77696933e-07 3.26988074e-06 -1.16744079e-04 -3.99509524e-08 1.61686440e-06 4.03380726e-06
555000           1.20896514e-08 6.00247121e-06 -1.48693281e-05 1.81714593e-07 4.34106396e-06 -3.26610840e-05 -1.69624942e-07 1.66140725e-06 1.77917559e-05
556000           -6.01575231e-08 4.85950158e-06 2.89764617e-05 1.65720359e-08 3.23469969e-06 2.02917721e-05 -7.67295590e-08 1.62480189e-06 8.68468962e-06
557000           2.83040257e-07 5.70417069e-06 1.05828516e-05 1.53539244e-07 4.06131699e-06 2.31159610e-05 1.29501013e-07 1.64285369e-06 -1.25331094e-05
558000           1.24384729e-07 5.69833686e-06 -9.13725660e-06 -3.37931868e-08 4.03973343e-06 6.90514211e-06 1.58177916e-07 1.65860343e-06 -1.60423987e-05
559000           -3.00677819e-07 4.72605745e-06 -1.61579003e-06 -2.89206028e-07 3.11223103e-06 -2.69489204e-06 -1.14717905e-08 1.61382643e-06 1.07910201e-06
560000           -4.22018677e-08 5.98342354e-06 -1.31349429e-05 1.23437450e-07 4.32518736e-06 -3.04425748e-05 -1.65639317e-07 1.65823617e-06 1.73076319e-05
561000           6.92301308e-09 5.04095743e-06 1.89020622e-05 1.05116027e-07 3.40904038e-06 8.04941942e-06 -9.81930135e-08 1.63191705e-06 1.08526428e-05
562000           1.91461209e-07 5.52853582e-06 2.89529392e-05 8.01137212e-08 3.89229295e-06 3.95777870e-05 1.11347488e-07 1.63624286e-06 -1.06248478e-05
563000           -2.68221697e-08 5.85922774e-06 7.58772915e-06 -1.93393903e-07 4.19613348e-06 2.44282529e-05 1.66571734e-07 1.66309426e-06 -1.68405237e-05
564000           3.43701782e-07 4.65356363e-06 -6.96271592e-05 3.24301712e-07 3.03923979e-06 -6.75670294e-05 1.94000705e-08 1.61432385e-06 -2.06012984e-06
565000           5.09940055e-08 5.92674174e-06 -2.73513664e-05 2.08982280e-07 4.27308750e-06 -4.37892829e-05 -1.57988274e-07 1.65365424e-06 1.64379165e-05
566000           -1.45141439e-07 5.23969912e-06 3.28438681e-05 -2.56288034e-08 3.59947498e-06 1.98472804e-05 -1.19512635e-07 1.64022414e-06 1.29965877e-05
567000           3.07739901e-07 5.29049870e-06 1.19430596e-05 2.21544484e-07 3.66199062e-06 1.99362570e-05 8.61954171e-08 1.62850808e-06 -7.99319739e-06
568000           3.44684055e-09 5.95963841e-06 1.51903009e-05 -1.67940407e-07 4.29433158e-06 3.24448931e-05 1.71387247e-07 1.66530683e-06 -1.72545922e-05
569000           3.45214866e-07 4.66153684e-06 -6.82139509e-05 2.90610564e-07 3.04362063e-06 -6.25538847e-05 5.46043028e-08 1.61791621e-06 -5.66006612e-06
570000           -1.09194714e-07 5.79386302e-06 -1.56970103e-05 3.50511906e-08 4.14738582e-06 -3.06312079e-05 -1.44245904e-07 1.64647720e-06 1.49341976e-05
571000           -1.02435409e-08 5.46010423e-06 1.32620289e-05 1.26126720e-07 3.81240114e-06 -1.41018706e-06 -1.36370261e-07 1.64770309e-06 1.46722160e-05
572000           -9.42869293e-08 5.08212046e-06 6.26491751e-05 -1.51959549e-07 3.45987958e-06 6.77010254e-05 5.76726195e-08 1.62224088e-06 -5.05185024e-06
573000           5.82247192e-08 6.03523933e-06 1.20990676e-05 -1.14159553e-07 4.36988814e-06 2.93859262e-05 1.72384272e-07 1.66535119e-06 -1.72868586e-05
574000           -1.16182562e-08 4.78742651e-06 -1.38315596e-05 -9.22033117e-08 3.16271109e-06 -5.53430399e-06 8.05850555e-08 1.62471543e-06 -8.29725563e-06
575000           -1.25040951e-07 5.61859309e-06 -2.33431787e-05 4.07930157e-09 3.97915057e-06 -3.66672865e-05 -1.29120253e-07 1.63944251e-06 1.33241078e-05
576000           -5.36535278e-10 5.62665123e-06 4.00181169e-06 1.48470886e-07 3.97324098e-06 -1.19146868e-05 -1.49007421e-07 1.65341026e-06 1.59164985e-05
577000           -3.63927426e-07 4.90542671e-06 9.16559180e-05 -3.94044632e-07 3.28726452e-06 9.38739896e-05 3.01172060e-08 1.61816219e-06 -2.21807164e-06
578000           8.89406939e-08 6.06922101e-06 1.17645797e-05 -8.15564630e-08 4.40487907e-06 2.87741782e-05 1.70497157e-07 1.66434195e-06 -1.70095985e-05
579000           2.50340490e-07 4.96899125e-06 -4.70493247e-05 1.46104029e-07 3.33617755e-06 -3.63680626e-05 1.04236462e-07 1.63281371e-06 -1.06812621e-05
580000           -1.86916914e-07 5.41769206e-06 -1.89772273e-05 -7.77177956e-08 3.78559126e-06 -3.01978897e-05 -1.09199118e-07 1.63210080e-06 1.12206624e-05
581000           -7.99410401e-08 5.80392874e-06 1.19803748e-05 8.07081407e-08 4.14528137e-06 -5.07182577e-06 -1.60649181e-07 1.65864736e-06 1.70522005e-05
582000           -1.59381992e-07 4.76312858e-06 6.02552206e-05 -1.55882904e-07 3.14697763e-06 5.90149453e-05 -3.49908783e-09 1.61615095e-06 1.24027538e-06
583000           -6.46224899e-08 6.01223615e-06 3.49068433e-05 -2.28069136e-07 4.35259624e-06 5.11004023e-05 1.63446647e-07 1.65963991e-06 -1.61935589e-05
584000           1.98060084e-07 5.19473824e-06 -3.42573123e-05 7.36467171e-08 3.55320347e-06 -2.15531320e-05 1.24413367e-07 1.64153477e-06 -1.27041803e-05
585000           -2.12944278e-07 5.19310569e-06 -1.88726064e-05 -1.29961798e-07 3.56835825e-06 -2.73549348e-05 -8.29824804e-08 1.62474744e-06 8.48232834e-06
586000           6.62868890e-08 5.91156936e-06 -1.38989087e-05 2.33334358e-07 4.25053585e-06 -3.15425265e-05 -1.67047469e-07 1.66103352e-06 1.76436178e-05
587000           -1.86596872e-07 4.72154315e-06 6.64864614e-05 -1.51385268e-07 3.10459111e-06 6.20142584e-05 -3.52116040e-08 1.61695204e-06 4.47220301e-06
588000           -7.59810359e-08 5.93180035e-06 4.43626671e-05 -2.28428551e-07 4.27821957e-06 5.93572396e-05 1.52447515e-07 1.65358078e-06 -1.49945724e-05
589000           1.59079510e-08 5.41032807e-06 -1.42341866e-05 -1.24181432e-07 3.76113674e-06 3.63958373e-08 1.40089383e-07 1.64919133e-06 -1.42705824e-05
590000           4.14415001e-07 4.98185385e-06 -9.19234655e-05 4.69929112e-07 3.36238990e-06 -9.75650762e-05 -5.55141109e-08 1.61946396e-06 5.64161076e-06
591000           3.03394347e-08 5.97713370e-06 -9.85932648e-06 1.99588879e-07 4.31532670e-06 -2.76591484e-05 -1.69249444e-07 1.66180699e-06 1.77998219e-05
592000           -1.78159757e-07 4.79331791e-06 5.90337989e-05 -1.16958637e-07 3.17207734e-06 5.19282384e-05 -6.12011203e-08 1.62124057e-06 7.10556044e-06
593000           2.53488062e-08 5.81666496e-06 3.59685730e-05 -1.14157110e-07 4.16912132e-06 4.95676997e-05 1.39505916e-07 1.64754364e-06 -1.35991267e-05
594000           9.67560077e-08 5.60122734e-06 -1.48908961e-05 -5.64056635e-08 3.94524055e-06 6.70251078e-07 1.53161671e-07 1.65598678e-06 -1.55611472e-05
595000           -3.29777576e-07 4.80008080e-06 7.29344755e-07 -3.01660828e-07 3.18480427e-06 -2.06171239e-06 -2.81167483e-08 1.61527653e-06 2.79105714e-06
596000           9.75718261e-08 6.01094642e-06 -2.87513974e-05 2.66348384e-07 4.35028389e-06 -4.64224537e-05 -1.68776558e-07 1.66066253e-06 1.76710563e-05
597000           -6.43824758e-08 4.94295082e-06 2.84481709e-05 2.36544339e-08 3.31446859e-06 1.86181321e-05 -8.80369097e-08 1.62848223e-06 9.83003882e-06
598000           7.35014761e-08 5.63197747e-06 3.52283104e-05 -4.71214816e-08 3.99219388e-06 4.68206208e-05 1.20622958e-07 1.63978358e-06 -1.15923104e-05
599000           6.93173563e-08 5.77832035e-06 -1.42775075e-06 -9.36375924e-08 4.11731464e-06 1.50665278e-05 1.62954949e-07 1.66100571e-06 -1.64942785e-05
600000           3.66058918e-07 4.67827735e-06 -7.58539614e-05 3.60802836e-07 3.06392516e-06 -7.52445275e-05 5.25608154e-09 1.61435219e-06 -6.09433881e-07
